TDRS 3                  
1 19548U 88091B   19115.40185236 -.00000310  00000-0  00000-0 0  9994
2 19548  14.3559   1.2709 0036088 323.5756 343.9804  1.00278436 99236
FLTSATCOM 8 (USA 46)    
1 20253U 89077A   19115.97104289 -.00000153  00000-0  00000+0 0  9999
2 20253  13.0622   8.9092 0005975 346.2846 192.5227  1.00274287234441
SKYNET 4C               
1 20776U 90079A   19116.84223407  .00000119  00000-0  00000+0 0  9995
2 20776  13.9834   9.5978 0003333  34.6484 147.0149  1.00277351104783
TDRS 5                  
1 21639U 91054B   19116.44321703  .00000078  00000-0  00000+0 0  9996
2 21639  14.6707  14.5338 0024651 353.4930 198.3815  1.00283232101544
TDRS 6                  
1 22314U 93003B   19115.40101583 -.00000303  00000-0  00000+0 0  9992
2 22314  14.2670  17.6090 0005555 358.8444 295.1915  1.00275830 96208
UFO 2 (USA 95)          
1 22787U 93056A   19116.37618847  .00000118  00000-0  00000+0 0  9990
2 22787  11.1410  18.0966 0004639  40.8526 319.3190  1.00267821 92502
USA 99 (MILSTAR-1 1)    
1 22988U 94009A   19116.68424986 -.00000269  00000-0  00000+0 0  9993
2 22988  13.4425  55.9486 0002580   2.1351   3.8228  1.00274676  5498
ASTRA 1D                
1 23331U 94070A   19116.17496667 -.00000276  00000-0  00000+0 0  9991
2 23331   8.5355  44.7319 0004040 352.3242 166.8201  1.00272481 90005
USA 107 (DSP 17)        
1 23435U 94084A   19116.13452014 -.00000312  00000-0  00000+0 0  9996
2 23435  14.4685  15.7707 0002245  56.3726 135.9182  1.00241106  5533
UFO 4 (USA 108)         
1 23467U 95003A   19116.61507855 -.00000030  00000-0  00000+0 0  9997
2 23467   9.9326  23.1717 0004601  21.4510 203.4388  1.00275647 88802
AMSC 1                  
1 23553U 95019A   19116.36386475 -.00000105  00000-0  00000+0 0  9998
2 23553  10.8506  34.2881 0010560   7.6387 196.6155  1.00272687 88012
TDRS 7                  
1 23613U 95035B   19116.70885037 -.00000207  00000-0  00000+0 0  9992
2 23613  14.3811   8.2923 0037482  32.8747 153.0729  1.00269300 86994
USA 113                 
1 23628U 95038A   19116.25557338 -.00000346  00000-0  00000+0 0  9995
2 23628  11.0454  33.1918 0001952 344.7307  31.8679  1.00273429  5454
USA 115 (MILSTAR-1 2)   
1 23712U 95060A   19116.25771833 -.00000207  00000-0  00000+0 0  9998
2 23712  12.9830  23.4831 0002871  12.2641 180.9770  1.00271627  5480
INMARSAT 3-F1           
1 23839U 96020A   19116.84842782 -.00000003  00000-0  00000+0 0  9996
2 23839   5.2697  64.3567 0006252 332.6935 187.4119  1.00271491 84461
ASTRA 1F                
1 23842U 96021A   19116.12655075  .00000126  00000-0  00000+0 0  9994
2 23842   0.0513  62.0345 0004901 335.3354 266.3161  1.00273715 84171
MSAT M1                 
1 23846U 96022A   19115.88075378 -.00000095  00000-0  00000-0 0  9990
2 23846   8.7187  44.1400 0007658 355.8713  23.1461  1.00272075 84257
INMARSAT 3-F2           
1 24307U 96053A   19115.52446791 -.00000125  00000-0  00000+0 0  9992
2 24307   4.0180  74.2477 0007597 317.6062 275.4557  0.99981259 82855
AMC-1 (GE-1)            
1 24315U 96054A   19115.62508028  .00000055  00000-0  00000-0 0  9997
2 24315   3.0089  81.3997 0003053 309.6178 276.4375  1.00272816 82853
INMARSAT 3-F3           
1 24674U 96070A   19116.72743163  .00000026  00000-0  00000+0 0  9993
2 24674   4.7664  68.4442 0005728 327.4647 258.5129  1.00269766 81801
AMC-2 (GE-2)            
1 24713U 97002A   19115.88537728 -.00000223  00000-0  00000-0 0  9998
2 24713   5.5888  62.5227 0005905 340.6852  44.2828  1.00272732 81421
INTELSAT 26 (IS-26)     
1 24732U 97007A   19115.91577161  .00000009  00000-0  00000-0 0  9994
2 24732   8.4549  45.5061 0006416   7.1871 192.8049  1.00271360 46577
USA 130 (DSP 18)        
1 24737U 97008A   19115.97557917  .00000021  00000-0  00000+0 0  9996
2 24737  13.3409  23.4371 0000718  59.3333 129.8365  1.00277998  5447
GALAXY 25 (G-25)        
1 24812U 97026A   19116.45804714 -.00000174  00000-0  00000+0 0  9994
2 24812   0.9596  93.5688 0003494 297.0703 255.3277  1.00271103 80199
INTELSAT 5 (IS-5)       
1 24916U 97046A   19116.42634410  .00000082  00000-0  00000+0 0  9999
2 24916   4.8740  67.7549 0004675 331.6857 191.1734  1.00271870 79457
AMC-3 (GE-3)            
1 24936U 97050A   19116.46223448 -.00000271  00000-0  00000+0 0  9996
2 24936   1.8501  88.6652 0002879 313.8564 266.0523  1.00272582 79289
NSS-5                   
1 24957U 97053A   19116.84563628  .00000098  00000-0  00000+0 0  9997
2 24957   5.1483  65.9424 0004980 343.9641 159.5578  1.00270914 79089
USA 134                 
1 25019U 97065A   19116.38250084 -.00000069  00000-0  00000+0 0  9997
2 25019   9.7333  38.8896 0006939 301.1290 259.9517  1.00272170  5440
ASTRA 1G                
1 25071U 97076A   19116.12908060  .00000056  00000-0  00000+0 0  9998
2 25071   3.7252  75.4677 0003796 320.8979 281.1262  1.00271611 78371
INMARSAT 3-F5           
1 25153U 98006B   19116.39401598 -.00000298  00000-0  00000+0 0  9995
2 25153   3.9433  72.1208 0005546 334.4461 255.3663  1.00270518 77733
UFO 8 (USA 138)         
1 25258U 98016A   19116.62120622 -.00000032  00000-0  00000+0 0  9990
2 25258   8.2433  34.5269 0005664 348.4397 226.7269  1.00268050 77417
THOR III                
1 25358U 98035A   19116.04501892 -.00000054  00000-0  00000+0 0  9994
2 25358   6.5633  55.3995 0002878 344.1633 186.1216  1.00273642 76545
INTELSAT 805 (IS-805)   
1 25371U 98037A   19115.86426622 -.00000043  00000-0  00000-0 0  9996
2 25371   1.4923  90.8856 0003504 304.0278 298.8942  1.00272990 76387
ASTRA 2A                
1 25462U 98050A   19116.06583459 -.00000317  00000-0  00000+0 0  9990
2 25462   0.6557  98.1260 0002862 292.3119 307.0219  1.00275483 75582
JCSAT-4A                
1 25630U 99006A   19116.88612897 -.00000212  00000-0  00000+0 0  9992
2 25630   3.7066  76.4783 0005517 356.0102 251.1514  1.00272020 73845
SKYNET 4E               
1 25639U 99009B   19115.89268135 -.00000042  00000-0  00000+0 0  9997
2 25639  10.6351  23.7129 0003203 351.8379 158.1587  1.00273383 73856
ASIASAT 3S              
1 25657U 99013A   19115.78784756 -.00000248  00000-0  00000+0 0  9990
2 25657   3.9053  74.8794 0004304 322.4320 245.8560  1.00271458 73652
NIMIQ 1                 
1 25740U 99027A   19116.81833145 -.00000210  00000-0  00000+0 0  9999
2 25740   0.1282  94.1647 0004496 318.8846   9.5398  1.00270994 73056
ASTRA 1H                
1 25785U 99033A   19116.17610072 -.00000287  00000-0  00000+0 0  9990
2 25785   5.1298  66.0852 0003341 334.6092 169.4573  1.00268984 72629
ABS-7                   
1 25894U 99046A   19116.49974590 -.00000374  00000-0  00000+0 0  9995
2 25894   0.0692  92.2812 0002594 322.2686  95.6550  1.00270753 70989
ABS-6                   
1 25924U 99053A   19116.51924535 -.00000132  00000-0  00000+0 0  9996
2 25924   0.0423  82.2816 0002294 338.5773 139.3648  1.00271908 71711
TELSTAR 12 (ORION 2)    
1 25949U 99059A   19116.16772608 -.00000074  00000-0  00000+0 0  9997
2 25949   2.3651  87.0796 0003169 311.1149 126.8682  1.00271785 71376
AMC-4 (GE-4)            
1 25954U 99060A   19116.56147635  .00000075  00000-0  00000+0 0  9995
2 25954   0.0106 252.1771 0002530 139.5221 249.7849  1.00271382 71322
UFO 10 (USA 146)        
1 25967U 99063A   19116.11320366 -.00000191  00000-0  00000+0 0  9997
2 25967   7.4047  36.8768 0013384  14.8777 180.6497  1.00268284 71187
GALAXY 11 (G-11)        
1 26038U 99071A   19116.83525521 -.00000081  00000-0  00000+0 0  9993
2 26038   0.2518 106.0884 0004042 318.8198  88.7289  0.99976062 70920
USA 148                 
1 26052U 00001A   19116.50042676  .00000034  00000-0  00000+0 0  9990
2 26052   7.7810  49.0470 0003366 351.2221 174.2357  1.00274097  5462
ASIASTAR                
1 26107U 00016A   19116.06679419 -.00000344  00000-0  00000+0 0  9994
2 26107   3.1011  79.4631 0005187 326.8632 296.5110  1.00271454 69996
USA 149 (DSP 20)        
1 26356U 00024A   19116.44365321  .00000090  00000-0  00000+0 0  9992
2 26356  11.2040  29.5214 0002341  65.2947 113.4177  1.00266893  5440
EUTELSAT 80A            
1 26369U 00028A   19116.84572351  .00000121  00000-0  00000+0 0  9992
2 26369   2.4600  83.4786 0006435 304.8556 181.5575  0.99986571 69321
TDRS 8                  
1 26388U 00034A   19116.85331303 -.00000239  00000-0  00000+0 0  9992
2 26388   8.5850  50.4984 0015280 301.5299 259.0301  1.00271752 69011
INTELSAT 9 (IS-9)       
1 26451U 00043A   19115.98726878 -.00000018  00000-0  00000+0 0  9996
2 26451   4.8611  67.9591 0004196 339.3507 227.9446  1.00271728 68687
BRASILSAT B4            
1 26469U 00046A   19116.60172469 -.00000181  00000-0  00000+0 0  9990
2 26469   3.0780  81.1377 0004298 327.7603 290.0418  1.00273485 68474
ASTRA 2B                
1 26494U 00054A   19116.12157831  .00000107  00000-0  00000+0 0  9997
2 26494   3.6197  76.1123 0005350 324.4502 236.4300  1.00269590 68077
AMC-7 (GE-7)            
1 26495U 00054B   19116.80605066  .00000076  00000-0  00000+0 0  9996
2 26495   0.3543  95.0445 0003225 313.4133 321.2311  1.00272495 68108
NSS-11 (AAP-1)          
1 26554U 00059A   19116.15280875  .00000012  00000-0  00000+0 0  9992
2 26554   0.0515  77.5587 0002615 320.4068  46.8924  1.00272132 68017
USA 153                 
1 26575U 00065A   19116.21622924 -.00000332  00000-0  00000+0 0  9990
2 26575   7.2238  52.2064 0002054 332.2782  41.7412  1.00272567  5459
AMC-6 (GE-6)            
1 26580U 00067A   19116.15118841 -.00000229  00000-0  00000+0 0  9994
2 26580   0.0436  73.7958 0003168 347.3509 124.1443  1.00273278 67826
INTELSAT 12 (IS-12)     
1 26590U 00068A   19116.84842782  .00000002  00000-0  00000+0 0  9998
2 26590   1.9635  88.4046 0003988 324.7899 171.0358  1.00272836 67645
INTELSAT 1R (IS-1R)     
1 26608U 00072A   19116.14905762 -.00000149  00000-0  00000+0 0  9997
2 26608   1.7698  89.1357 0000094 236.2070  99.2768  1.00272152 67498
ANIK F1                 
1 26624U 00076A   19116.36318618 -.00000087  00000-0  00000+0 0  9992
2 26624   0.0362 115.8232 0001670 334.2234 147.4750  1.00271409 67566
ASTRA 2D                
1 26638U 00081A   19116.69297345  .00000021  00000-0  00000+0 0  9999
2 26638   4.9662  66.8393 0002260 316.2143  86.0370  1.00269391 67232
AMC-8 (GE-8)            
1 26639U 00081B   19116.80605066  .00000092  00000-0  00000+0 0  9994
2 26639   0.0087 109.4002 0001242 228.0184  28.2822  1.00273550 67126
SKYNET 4F               
1 26695U 01005B   19116.11084829 -.00000259  00000-0  00000+0 0  9991
2 26695   9.6000  32.1661 0002640   2.5126 185.0496  1.00272924 66723
USA 157 (MILSTAR-2 2)   
1 26715U 01009A   19116.71408453 -.00000372  00000-0  00000+0 0  9993
2 26715   8.9487  32.5659 0002174   8.2024 181.7287  1.00269971  5485
EUTELSAT 33C            
1 26719U 01011A   19116.16301535  .00000065  00000-0  00000+0 0  9990
2 26719   1.0108  90.6750 0005391 312.3137  96.7061  1.00273651 66413
INTELSAT 10 (IS-10)     
1 26766U 01019A   19115.91180975  .00000113  00000-0  00000-0 0  9990
2 26766   2.9636  81.6028 0002454 359.3780 148.3667  1.00273209 19470
INTELSAT 901 (IS-901)   
1 26824U 01024A   19116.40431356 -.00000226  00000-0  00000+0 0  9993
2 26824   0.9413  93.3527 0003062 313.9498 282.8516  1.00271079 65435
ASTRA 2C                
1 26853U 01025A   19116.84031490  .00000127  00000-0  00000+0 0  9998
2 26853   1.8766  88.3975 0002896 312.0817 140.2902  1.00275896 65424
USA 159 (DSP 21)        
1 26880U 01033A   19115.40185236 -.00000305  00000-0  00000+0 0  9995
2 26880  10.3733  33.2211 0000681 317.3698 317.8923  1.00279676  5441
INTELSAT 902 (IS-902)   
1 26900U 01039A   19116.84790441  .00000021  00000-0  00000+0 0  9997
2 26900   0.0165 147.8471 0002952 247.8210 186.1273  1.00271222 64617
EUTELSAT 12 WEST B      
1 26927U 01042A   19116.83307431 -.00000112  00000-0  00000+0 0  9994
2 26927   0.1169  85.9634 0007214 316.7072  99.2599  1.00272441 64374
DIRECTV 4S              
1 26985U 01052A   19116.09750122 -.00000126  00000-0  00000+0 0  9991
2 26985   0.0183 241.5551 0002623 140.6464 125.5201  1.00272451 63833
USA 164 (MILSTAR-2 3)   
1 27168U 02001A   19115.90613941  .00000093  00000-0  00000-0 0  9999
2 27168   8.3528  33.6953 0001751 358.2134 166.8373  1.00272072  6798
ECHOSTAR 7              
1 27378U 02006A   19115.83954786 -.00000014  00000-0  00000+0 0  9997
2 27378   0.0085 139.4611 0001728 270.5113 347.0137  1.00271681 62902
INTELSAT 904 (IS-904)   
1 27380U 02007A   19116.38174556  .00000116  00000-0  00000+0 0  9993
2 27380   0.4890  97.6528 0002043 302.8339 334.8489  1.00169668 62933
TDRS 9                  
1 27389U 02011A   19116.32056336 -.00000294  00000-0  00000+0 0  9994
2 27389   6.6329  71.3690 0025017 264.9472 290.8317  1.00272397 64272
JCSAT 2A                
1 27399U 02015A   19115.92943140 -.00000319  00000-0  00000-0 0  9991
2 27399   1.9535  88.3162 0004785 203.1032  32.8459  1.00273666 62738
ASTRA 3A                
1 27400U 02015B   19116.82618267 -.00000291  00000-0  00000+0 0  9991
2 27400   5.1095  65.5659 0003045 336.5151  62.8443  1.00276218 62560
INTELSAT 903 (IS-903)   
1 27403U 02016A   19116.39855226 -.00000236  00000-0  00000+0 0  9994
2 27403   1.3251  91.9276 0002738 332.0099 262.1581  1.00272057 62489
NSS-7                   
1 27414U 02019A   19116.40082039 -.00000167  00000-0  00000+0 0  9998
2 27414   3.3237  79.3056 0002440 310.8532 308.2516  1.00271716 62402
DIRECTV 5 (TEMPO 1)     
1 27426U 02023A   19116.44710608 -.00000069  00000-0  00000+0 0  9991
2 27426   0.0183 249.8778 0003571 151.5418 223.5724  1.00272355 62155
INTELSAT 905 (IS-905)   
1 27438U 02027A   19115.75382557 -.00000197  00000-0  00000-0 0  9992
2 27438   0.3085  99.2786 0002505 295.0412  66.0399  1.00271775 61806
EXPRESS-A4              
1 27441U 02029A   19116.24860557 -.00000255  00000-0  00000+0 0  9998
2 27441   7.1726  52.4843 0011869  62.4222 334.1947  1.00268037 61816
GALAXY 3C (G-3C)        
1 27445U 02030A   19116.38590306 -.00000164  00000-0  00000+0 0  9990
2 27445   0.0184 289.1925 0001962  40.8094 287.9672  1.00271869 61794
EUTELSAT 5 WEST A       
1 27460U 02035A   19116.33207850 -.00000055  00000-0  00000+0 0  9995
2 27460   0.0454 311.9197 0006310  91.6707 285.0100  1.00272455 61587
N-STAR C                
1 27461U 02035B   19116.28837333 -.00000321  00000-0  00000+0 0  9991
2 27461   5.8744  61.1633 0005307 354.6875  37.9890  1.00273114 61500
METEOSAT-8 (MSG-1)      
1 27509U 02040B   19114.96785440  .00000126  00000-0  00000+0 0  9996
2 27509   6.0006  55.7830 0002735  14.3414 172.7120  1.00280738 61072
INTELSAT 906 (IS-906)   
1 27513U 02041A   19116.84834059  .00000003  00000-0  00000+0 0  9996
2 27513   0.0177 240.0824 0002204 162.3047 181.7274  1.00271373 60815
HISPASAT 30W-4          
1 27528U 02044A   19116.11163341 -.00000230  00000-0  00000+0 0  9997
2 27528   0.1163  85.1042 0006274 312.6451 186.0634  1.00272783 60787
TDRS 10                 
1 27566U 02055A   19115.67803852  .00000082  00000-0  00000+0 0  9993
2 27566   6.1909  55.4719 0009573 287.4255 303.4510  1.00276867 60066
NSS-6                   
1 27603U 02057A   19116.06487500 -.00000283  00000-0  00000+0 0  9993
2 27603   0.0545  91.6546 0001467 248.0878 352.3906  1.00272972 59934
NIMIQ 2                 
1 27632U 02062A   19114.94413615  .00000043  00000-0  00000+0 0  9995
2 27632   3.4282  78.6120 0006993  82.5223 267.2637  1.00050171 59691
INTELSAT 907 (IS-907)   
1 27683U 03007A   19116.39933738 -.00000215  00000-0  00000+0 0  9997
2 27683   0.0181 226.6452 0002767 182.4484 281.2552  1.00270629 59228
USA 167                 
1 27691U 03008A   19116.45071932  .00000047  00000-0  00000+0 0  9995
2 27691   5.8740  61.0527 0004165 330.2375 215.0758  1.00274164  5469
USA 169 (MILSTAR-2 4)   
1 27711U 03012A   19116.48833442 -.00000014  00000-0  00000+0 0  9993
2 27711   8.4490  47.6190 0003817   1.5942 220.7485  1.00273180  5489
GALAXY 12 (G-12)        
1 27715U 03013B   19115.69632552  .00000046  00000-0  00000+0 0  9993
2 27715   0.5246  95.7563 0002442 321.6976 277.6300  1.00271600 58849
ASIASAT 4               
1 27718U 03014A   19116.48421792  .00000141  00000-0  00000+0 0  9993
2 27718   0.0570 100.7484 0000446 129.3990 196.5799  1.00271420 58769
HELLAS-SAT 2            
1 27811U 03020A   19116.60120127 -.00000162  00000-0  00000+0 0  9990
2 27811   0.9455  97.0994 0002271 315.6736 282.7621  1.00272320 58171
THURAYA-2               
1 27825U 03026A   19116.37063395  .00000119  00000-0  00000+0 0  9999
2 27825   5.5179  31.6280 0004714 354.5886   5.2735  1.00272242 58182
OPTUS C1                
1 27831U 03028B   19116.14870867 -.00000163  00000-0  00000+0 0  9993
2 27831   0.4483 100.7565 0006394 300.0039  22.3256  1.00271180 58163
ECHOSTAR 12 (RAINBOW 1) 
1 27852U 03033A   19116.64464775 -.00000212  00000-0  00000+0 0  9999
2 27852   0.0429  75.7325 0001506 306.2032 338.1015  1.00272928 57798
GALAXY 23 (G-23)        
1 27854U 03034A   19115.77108855 -.00000001  00000-0  00000+0 0  9995
2 27854   0.0255 264.8405 0003011 132.6158 332.6328  1.00272770 62382
USA 170                 
1 27875U 03040A   19116.32457622 -.00000281  00000-0  00000+0 0  9996
2 27875   5.0632  66.5734 0003400 356.6305 225.2051  1.00269446  5467
GALAXY 13 (HORIZONS 1)  
1 27954U 03044A   19115.76646660  .00000035  00000-0  00000+0 0  9993
2 27954   0.0379 108.9643 0001152 276.1475 337.2865  1.00272194 56999
YAMAL 202               
1 28089U 03053A   19116.88729773  .00000107  00000-0  00000+0 0  9994
2 28089   0.0595  84.9667 0003111 248.9521 249.1233  1.00275585 56520
UFO 11 (USA 174)        
1 28117U 03057A   19116.59821109 -.00000111  00000-0  00000+0 0  9990
2 28117   5.6360  36.7412 0006315 319.5853 148.9229  1.00271358 56264
USA 176 (DSP 22)        
1 28158U 04004A   19116.88220641 -.00000225  00000-0  00000+0 0  9990
2 28158   8.6368  41.6077 0001242  41.0738 176.8640  1.00274085  5457
ABS-4 (MOBISAT-1)       
1 28184U 04007A   19115.92688315  .00000027  00000-0  00000-0 0  9992
2 28184   0.0094 186.5649 0001828 198.1760 223.6056  1.00270451 26178
EUTELSAT 7A             
1 28187U 04008A   19116.83699993  .00000036  00000-0  00000+0 0  9990
2 28187   0.0880  47.9328 0003504   6.9285 108.0025  1.00270812 55422
DIRECTV 7S              
1 28238U 04016A   19116.54981316 -.00000011  00000-0  00000+0 0  9991
2 28238   0.0160 276.6003 0003076 128.3382 248.1782  1.00271829 54909
AMC-11 (GE-11)          
1 28252U 04017A   19116.09156917  .00000056  00000-0  00000+0 0  9997
2 28252   0.0333  43.6154 0002625 357.6543  74.4912  1.00271731 54548
INTELSAT 10-02          
1 28358U 04022A   19116.44007705 -.00000024  00000-0  00000+0 0  9995
2 28358   0.0162 246.7254 0003298 165.9614 318.8908  1.00271627 54474
APSTAR 5 (TELSTAR 18)   
1 28364U 04024A   19116.79128831 -.00000306  00000-0  00000+0 0  9999
2 28364   0.4517  97.7148 0002940 338.0837 201.5666  1.00271862 54399
ANIK F2                 
1 28378U 04027A   19116.09558201 -.00000063  00000-0  00000+0 0  9998
2 28378   0.0102 263.3059 0000114 245.3230 348.5138  1.00271912 54190
AMC-15                  
1 28446U 04041A   19116.56720990 -.00000101  00000-0  00000+0 0  9991
2 28446   0.0462  65.8525 0002969 340.0146 267.5492  1.00273005 53206
AMC-16                  
1 28472U 04048A   19116.54257979 -.00000219  00000-0  00000+0 0  9997
2 28472   0.0112 100.4853 0002564 292.1093 291.9681  1.00272427 52652
NSS-10 (AMC-12)         
1 28526U 05003A   19116.82810187 -.00000263  00000-0  00000+0 0  9995
2 28526   0.0618  87.6521 0003116 325.1562  62.3754  1.00271337 52169
XTAR-EUR                
1 28542U 05005A   19115.32774120  .00000137  00000-0  00000+0 0  9994
2 28542   0.0409  81.2173 0003273 320.0465 318.7572  1.00271661 52018
XM-3 (RHYTHM)           
1 28626U 05008A   19116.43093060 -.00000218  00000-0  00000+0 0  9991
2 28626   0.0112  90.3896 0000308 348.9013 204.8708  1.00270239 51902
INMARSAT 4-F1           
1 28628U 05009A   19116.79242240 -.00000272  00000-0  00000+0 0  9999
2 28628   2.9905  21.9433 0003645  32.9903 228.3298  1.00271540 51515
APSTAR 6                
1 28638U 05012A   19115.78540495 -.00000332  00000-0  00000-0 0  9993
2 28638   0.7158  95.4166 0002382 327.0111 207.6286  1.00271063 76241
SPACEWAY 1              
1 28644U 05015A   19116.57712571  .00000092  00000-0  00000+0 0  9998
2 28644   0.1751  97.7854 0000106 291.0439 254.3241  1.00271728 51358
DIRECTV 8               
1 28659U 05019A   19116.16938358 -.00000129  00000-0  00000+0 0  9998
2 28659   0.0175 250.6977 0003259 150.9676 132.4345  1.00272289 51025
GALAXY 28 (G-28)        
1 28702U 05022A   19116.41919600 -.00000198  00000-0  00000+0 0  9994
2 28702   0.0160 150.1119 0002250 303.4868 182.4273  1.00272127 50663
EXPRESS-AM3             
1 28707U 05023A   19116.17910007 -.00000334  00000-0  00000+0 0  9997
2 28707   0.8762  93.4599 0001062 215.6983  72.1989  1.00269662 50688
THAICOM 4               
1 28786U 05028A   19116.49077053 -.00000375  00000-0  00000+0 0  9994
2 28786   0.0037 209.5802 0002412 188.3552 112.4722  1.00273148 50167
GALAXY 14 (G-14)        
1 28790U 05030A   19116.16458559  .00000024  00000-0  00000+0 0  9990
2 28790   0.0110 254.7923 0002529 145.8891 107.4478  1.00271012 50141
ANIK F1R                
1 28868U 05036A   19116.59884590 -.00000087  00000-0  00000+0 0  9997
2 28868   0.0035  37.3836 0003264 353.6670 291.5304  1.00272079 49990
GALAXY 15 (G-15)        
1 28884U 05041A   19116.81785297  .00000067  00000-0  00000+0 0  9997
2 28884   0.0278 108.0517 0001701 276.9637 350.9245  1.00271156 49475
SYRACUSE 3A             
1 28885U 05041B   19116.82178400  .00000117  00000-0  00000+0 0  9997
2 28885   0.0108 295.8488 0003819 109.8793 151.6162  1.00272675 49571
INMARSAT 4-F2           
1 28899U 05044A   19116.48936484 -.00000001  00000-0  00000+0 0  9994
2 28899   2.8204  24.8500 0004080  40.3516  29.0462  1.00273392 49344
TELKOM 2                
1 28902U 05046A   19116.79512669 -.00000150  00000-0  00000+0 0  9995
2 28902   0.0355 116.2909 0001460 337.5454 203.9017  1.00271409 49083
SPACEWAY 2              
1 28903U 05046B   19116.57093714 -.00000139  00000-0  00000+0 0  9994
2 28903   0.0034  50.1506 0000194 102.0691 168.5225  1.00271444 49332
INSAT-4A                
1 28911U 05049A   19116.85209174 -.00000177  00000-0  00000+0 0  9998
2 28911   0.0545 272.0719 0003036  70.3616 261.8865  1.00270540 48939
METEOSAT-9 (MSG-2)      
1 28912U 05049B   19116.69271174  .00000010  00000-0  00000+0 0  9995
2 28912   3.5587  71.3243 0002024 333.4954  62.6892  1.00264540 48929
EUTELSAT 174A           
1 28924U 05052A   19116.49485897 -.00000003  00000-0  00000+0 0  9992
2 28924   0.0705  17.3827 0006280  25.8451 163.1063  1.00273057 48825
ECHOSTAR 10             
1 28935U 06003A   19116.23981993 -.00000068  00000-0  00000+0 0  9992
2 28935   0.0131 250.4329 0001204 156.6778 142.9553  1.00272692 48354
HIMAWARI-7 (MTSAT-2)    
1 28937U 06004A   19116.50559071 -.00000255  00000-0  00000+0 0  9991
2 28937   0.0391 252.8187 0003476 141.4687 146.9551  1.00270167 48195
SPAINSAT                
1 28945U 06007A   19115.49107428 -.00000230  00000-0  00000-0 0  9999
2 28945   0.0173 205.9900 0002209 185.0335 328.9860  1.00271416 48059
EUTELSAT HOT BIRD 13E   
1 28946U 06007B   19116.33104830  .00000074  00000-0  00000+0 0  9992
2 28946   0.0365 221.3108 0003497 221.3257 263.5792  1.00271158 48132
JCSAT-5A                
1 29045U 06010A   19115.92864628 -.00000341  00000-0  00000-0 0  9998
2 29045   0.0473  94.7970 0002116 294.4131 290.7934  1.00272151 47594
ASTRA 1KR               
1 29055U 06012A   19116.12149108  .00000107  00000-0  00000+0 0  9991
2 29055   0.0557 269.4020 0000889  88.1019 279.2311  1.00271805 47588
GOES 13                 
1 29155U 06018A   19116.44140990 -.00000297  00000-0  00000+0 0  9994
2 29155   0.3214 283.7972 0012257 136.5405 252.3927  1.00284431 47355
EUTELSAT 113 WEST A     
1 29162U 06020A   19115.87979419 -.00000051  00000-0  00000+0 0  9995
2 29162   0.0333 352.8448 0002940  44.0580  20.4215  1.00272413 47309
THAICOM 5               
1 29163U 06020B   19116.10743814 -.00000134  00000-0  00000+0 0  9993
2 29163   0.0174 238.0244 0003588 141.9266 311.0256  1.00272997 47366
GALAXY 16 (G-16)        
1 29236U 06023A   19116.16973250 -.00000140  00000-0  00000+0 0  9999
2 29236   0.0187 247.9977 0002845 159.9841 128.0031  1.00273551 47102
EUTELSAT HOT BIRD 13B   
1 29270U 06032A   19116.33565517  .00000074  00000-0  00000+0 0  9994
2 29270   0.0750 346.1028 0005053  39.5486 322.2187  1.00270842 46702
JCSAT-3A                
1 29272U 06033A   19116.89084963 -.00000357  00000-0  00000+0 0  9994
2 29272   0.0097 253.2502 0001890 148.1920 261.8515  1.00273483 46604
SYRACUSE 3B             
1 29273U 06033B   19116.18840098 -.00000057  00000-0  00000+0 0  9993
2 29273   0.0180 265.9193 0005383 141.1446 229.4565  1.00271385 46582
KOREASAT 5 (MUGUNGWHA 5)
1 29349U 06034A   19116.78631587 -.00000370  00000-0  00000+0 0  9993
2 29349   0.0062 205.9761 0001969 250.4080 154.2311  1.00270752 46484
DIRECTV 9S              
1 29494U 06043A   19116.09750122 -.00000127  00000-0  00000+0 0  9995
2 29494   0.0126 197.2533 0003077 201.8732 108.6888  1.00272810 45941
OPTUS D1                
1 29495U 06043B   19116.86709632 -.00000122  00000-0  00000+0 0  9996
2 29495   0.0179 256.2147 0003659 146.2217 284.2845  1.00272459 45980
XM-4 (BLUES)            
1 29520U 06049A   19116.55996541 -.00000035  00000-0  00000+0 0  9997
2 29520   0.0227  33.0456 0000505  69.3583 198.1774  1.00268913 45833
BADR-4                  
1 29526U 06051A   19116.12288684  .00000131  00000-0  00000+0 0  9997
2 29526   0.0512 342.2713 0004641  31.3843 270.3936  1.00272828 45721
WILDBLUE-1              
1 29643U 06054A   19116.16728990 -.00000062  00000-0  00000+0 0  9997
2 29643   0.0293 126.3403 0002038 277.8591 118.7219  1.00272426 45384
AMC-18                  
1 29644U 06054B   19115.77757793  .00000091  00000-0  00000+0 0  9998
2 29644   0.0211 277.8207 0002642 145.1414 291.4391  1.00272336 45381
MEASAT-3                
1 29648U 06056A   19116.85383645 -.00000254  00000-0  00000+0 0  9997
2 29648   0.0645 111.1001 0002629 326.9861 175.3535  1.00271905 45402
INSAT-4B                
1 30793U 07007A   19116.06810274 -.00000367  00000-0  00000+0 0  9998
2 30793   0.0716 100.3380 0003978 296.0230 313.2311  1.00271508 44402
SKYNET 5A               
1 30794U 07007B   19116.85453434 -.00000283  00000-0  00000+0 0  9994
2 30794   0.0702  22.0550 0003574  22.8743 212.4756  1.00272006 44499
ANIK F3                 
1 31102U 07009A   19116.66828569 -.00000013  00000-0  00000+0 0  9995
2 31102   0.0122 264.1931 0002450 121.5791 310.4848  1.00265078 44181
ASTRA 1L                
1 31306U 07016A   19116.76756014  .00000107  00000-0  00000+0 0  9998
2 31306   0.0670 297.9223 0003391  56.4022 155.6381  1.00271748 43889
GALAXY 17 (G-17)        
1 31307U 07016B   19115.88415598 -.00000187  00000-0  00000-0 0  9990
2 31307   0.0532  86.0183 0003754 323.4581  31.4235  1.00271965 43788
ZHONGXING-6B            
1 31800U 07031A   19116.21406068 -.00000374  00000-0  00000+0 0  9992
2 31800   0.0153 271.8241 0003980 134.1457   0.4857  1.00268515 43316
DIRECTV 10              
1 31862U 07032A   19116.67133895 -.00000115  00000-0  00000+0 0  9999
2 31862   0.0364  46.6036 0000190  98.5360 208.0768  1.00272303 43254
SPACEWAY 3              
1 32018U 07036A   19116.17051763 -.00000165  00000-0  00000+0 0  9990
2 32018   0.0052  63.7381 0000236 341.3109 135.2635  1.00271984 42961
BSAT-3A                 
1 32019U 07036B   19115.99599236 -.00000363  00000-0  00000+0 0  9992
2 32019   0.0333 208.4284 0000576 223.0388 250.6615  1.00269671 42898
INSAT-4CR               
1 32050U 07037A   19116.48622434  .00000113  00000-0  00000+0 0  9992
2 32050   0.3676  96.3168 0004935 202.5983 138.1788  1.00270224 42692
OPTUS D2                
1 32252U 07044A   19116.14801080 -.00000196  00000-0  00000+0 0  9995
2 32252   0.0067 207.6857 0003731 189.7256  21.7263  1.00271712 42284
INTELSAT 11 (IS-11)     
1 32253U 07044B   19116.82696780 -.00000281  00000-0  00000+0 0  9995
2 32253   0.0481  85.2992 0001692 336.4109  47.5368  1.00270550 42378
WGS F1 (USA 195)        
1 32258U 07046A   19116.38730007  .00000029  00000-0  00000+0 0  9993
2 32258   0.0174 224.0768 0000689 229.6157 265.8398  1.00272762 42169
STAR ONE C1             
1 32293U 07056A   19116.14007708 -.00000290  00000-0  00000+0 0  9993
2 32293   0.0491  83.1782 0003741 340.3363 135.7539  1.00271257 41947
SKYNET 5B               
1 32294U 07056B   19116.12271237  .00000129  00000-0  00000+0 0  9992
2 32294   0.0700  12.5263 0003685  19.8494 250.7221  1.00272257 42039
ASTRA 4A (SIRIUS 4)     
1 32299U 07057A   19116.83656375  .00000020  00000-0  00000+0 0  9996
2 32299   0.0220  28.4420 0003093  11.2214 120.8338  1.00272000 41807
HORIZONS 2              
1 32388U 07063B   19115.91922480 -.00000196  00000-0  00000-0 0  9999
2 32388   0.0147 268.9868 0003329 136.7685 223.6414  1.00271478 41690
THURAYA-3               
1 32404U 08001A   19116.78343708 -.00000312  00000-0  00000+0 0  9996
2 32404   3.8125   2.7894 0004836  30.5787 201.6533  1.00272330 41378
EXPRESS-AM33            
1 32478U 08003A   19116.71120574 -.00000293  00000-0  00000+0 0  9994
2 32478   0.0106 300.5607 0000690 180.4145  85.9600  1.00270390 41456
THOR 5                  
1 32487U 08006A   19116.18936058 -.00000022  00000-0  00000+0 0  9990
2 32487   0.0331 116.4210 0002433 281.5792 243.3107  1.00271947 41011
KIZUNA (WINDS)          
1 32500U 08007A   19115.93021653 -.00000299  00000-0  00000-0 0  9992
2 32500   2.3002  86.1381 0002338 304.1071 297.9483  1.00246445 40730
AMC-14                  
1 32708U 08011A   19115.97784729  .00000082  00000-0  00000+0 0  9999
2 32708  20.2910  53.0827 0045627 359.7414 170.8623  1.00273608 41939
DIRECTV 11              
1 32729U 08013A   19116.11160531 -.00000139  00000-0  00000+0 0  9994
2 32729   0.0057  55.9141 0000101 265.3122 193.5961  1.00272509 40773
ICO G1                  
1 32763U 08016A   19116.47157983 -.00000182  00000-0  00000+0 0  9999
2 32763   3.6380   5.2081 0002497  52.0169 233.8698  1.00271975 40302
VINASAT-1               
1 32767U 08018A   19116.79006701 -.00000340  00000-0  00000+0 0  9997
2 32767   0.0167 304.6241 0002308 129.9553 196.2824  1.00272917 40452
STAR ONE C2             
1 32768U 08018B   19116.83104950 -.00000277  00000-0  00000+0 0  9997
2 32768   0.0398 115.9467 0002830 338.9344 348.8337  1.00271734 40395
TIANLIAN 1-01           
1 32779U 08019A   19116.49259256 -.00000148  00000-0  00000+0 0  9999
2 32779   3.2409  73.7707 0034697 250.7986 146.9089  1.00270774 40318
AMOS-3                  
1 32794U 08022A   19116.33225299 -.00000048  00000-0  00000+0 0  9992
2 32794   0.0338 112.0811 0001686 300.2019 277.2489  1.00272481 40289
GALAXY 18 (G-18)        
1 32951U 08024A   19116.72896667  .00000013  00000-0  00000+0 0  9996
2 32951   0.0133 172.5273 0003273 236.0266 305.2931  1.00271775 39933
CHINASAT 9 (ZX 9)       
1 33051U 08028A   19116.49503516 -.00000260  00000-0  00000+0 0  9999
2 33051   0.0129 249.5653 0003913 159.9179  75.1440  1.00269135 39850
SKYNET 5C               
1 33055U 08030A   19116.39841146 -.00000152  00000-0  00000+0 0  9999
2 33055   0.0639   8.6726 0004018  49.0856 281.9157  1.00275149 39734
TURKSAT 3A              
1 33056U 08030B   19116.37063395  .00000133  00000-0  00000+0 0  9998
2 33056   0.0676  83.2218 0005292 331.5857 334.7111  1.00268263 39923
INTELSAT 25 (IS-25)     
1 33153U 08034A   19116.39855226 -.00000237  00000-0  00000+0 0  9990
2 33153   0.0095 195.6059 0001640 157.9516 332.5230  1.00271698 39476
BADR-6                  
1 33154U 08034B   19116.37618847  .00000132  00000-0  00000+0 0  9998
2 33154   0.0575  44.7535 0005778 359.8506 330.9108  1.00269630 39593
ECHOSTAR 11             
1 33207U 08035A   19116.12271368 -.00000070  00000-0  00000+0 0  9996
2 33207   0.0354  98.9639 0002921 286.4903 122.5636  1.00271670 39493
SUPERBIRD-C2            
1 33274U 08038A   19116.88997505 -.00000263  00000-0  00000+0 0  9998
2 33274   0.0093 234.5345 0001489 164.5247 279.8626  1.00273158 39223
AMC-21                  
1 33275U 08038B   19116.16458559  .00000023  00000-0  00000+0 0  9994
2 33275   0.0319 297.6170 0002588 101.3661 109.2362  1.00271908 39304
INMARSAT 4-F3           
1 33278U 08039A   19116.57168323 -.00000151  00000-0  00000+0 0  9993
2 33278   3.0381   8.5921 0002587  31.6038 281.9090  1.00273243 39102
NIMIQ 4                 
1 33373U 08044A   19116.81920381 -.00000232  00000-0  00000+0 0  9992
2 33373   0.0205 277.4221 0002318 120.0554  29.9595  1.00270691 38684
GALAXY 19 (G-19)        
1 33376U 08045A   19115.88302192 -.00000152  00000-0  00000-0 0  9998
2 33376   0.0175 250.9235 0003209 150.6744  32.8850  1.00271882 38774
VENESAT-1               
1 33414U 08055A   19116.46110039 -.00000250  00000-0  00000+0 0  9992
2 33414   0.0165 276.6562 0002294 150.5673 234.9182  1.00274156 38395
ASTRA 1M                
1 33436U 08057A   19116.12149108  .00000107  00000-0  00000+0 0  9990
2 33436   0.0163 248.4909 0003717 190.9860 197.2996  1.00270338 38310
CIEL-2                  
1 33453U 08063A   19116.16380046  .00000045  00000-0  00000+0 0  9999
2 33453   0.0103 179.7420 0003242 230.2832  93.9631  1.00271497 37984
EUTELSAT HOT BIRD 13C   
1 33459U 08065A   19116.12026977  .00000074  00000-0  00000+0 0  9995
2 33459   0.0413  19.1831 0005442  33.3953 217.5385  1.00270887 38081
EUTELSAT 48D            
1 33460U 08065B   19116.84520010  .00000112  00000-0  00000+0 0  9996
2 33460   0.0705  56.7471 0002017 355.8044 154.3480  1.00270549 37956
FENGYUN 2E              
1 33463U 08066A   19116.90177669 -.00000211  00000-0  00000+0 0  9996
2 33463   3.4945  69.2162 0003759 261.8273 294.5420  1.00279525 37934
EXPRESS-AM44            
1 33595U 09007A   19115.75652987 -.00000102  00000-0  00000+0 0  9990
2 33595   0.0031 298.1969 0000422 165.3439  11.2766  1.00271879 37394
NSS-9                   
1 33749U 09008A   19116.80027361  .00000059  00000-0  00000+0 0  9991
2 33749   0.0457  64.7118 0002206 340.6504 280.2846  1.00272448 37405
EUTELSAT 33E            
1 33750U 09008B   19116.12428262  .00000143  00000-0  00000+0 0  9997
2 33750   0.0572  31.0564 0003869   3.6050 256.9954  1.00274121 37438
TELSTAR 11N             
1 34111U 09009A   19116.39733095 -.00000264  00000-0  00000+0 0  9997
2 34111   0.0123 237.0393 0002678 168.9706 273.5775  1.00267350 37252
EUTELSAT 10A            
1 34710U 09016A   19116.11965913  .00000055  00000-0  00000+0 0  9993
2 34710   0.0692  16.0213 0005113  17.0760 233.7972  1.00272658 36809
WGS F2 (USA 204)        
1 34713U 09017A   19116.50396552  .00000035  00000-0  00000+0 0  9995
2 34713   0.0145 231.6363 0000350 229.2714 354.9170  1.00272821 36785
SES-7 (PROTOSTAR 2)     
1 34941U 09027A   19116.85715141 -.00000357  00000-0  00000+0 0  9994
2 34941   0.0809  93.8445 0001184 254.8749 282.6657  1.00272478 36462
MEASAT-3A               
1 35362U 09032A   19116.06417712 -.00000255  00000-0  00000+0 0  9991
2 35362   0.0289 207.7349 0000381 212.0237 268.6031  1.00274272 36067
GOES 14                 
1 35491U 09033A   19116.56708841 -.00000105  00000-0  00000+0 0  9990
2 35491   0.1684 103.3732 0006665 128.1148  82.5466  1.00272195 35994
SIRIUS FM-5             
1 35493U 09034A   19116.15118841 -.00000213  00000-0  00000+0 0  9993
2 35493   0.0171 280.0169 0001011 111.5928 150.5293  1.00271924 35819
TERRESTAR-1             
1 35496U 09035A   19116.16737715 -.00000068  00000-0  00000+0 0  9993
2 35496   2.5190   2.8482 0003194  41.0471 119.2243  1.00272132 35990
ASIASAT 5               
1 35696U 09042A   19116.49669265 -.00000320  00000-0  00000+0 0  9994
2 35696   0.0470 102.7924 0001663 278.8888 111.8505  1.00272174 35511
JCSAT-RA (JCSAT-12)     
1 35755U 09044A   19115.86426622 -.00000045  00000-0  00000-0 0  9995
2 35755   0.0315 258.5614 0001856 161.3897 273.6654  1.00272007 35440
OPTUS D3                
1 35756U 09044B   19115.86164912 -.00000160  00000-0  00000-0 0  9995
2 35756   0.0438  38.8953 0004315 350.9813 289.8955  1.00272783 35397
PALAPA D                
1 35812U 09046A   19116.09241422 -.00000371  00000-0  00000+0 0  9991
2 35812   0.0084 251.6318 0002493 174.1566 294.2377  1.00270661 35518
NIMIQ 5                 
1 35873U 09050A   19116.47509177 -.00000270  00000-0  00000+0 0  9997
2 35873   0.0362  77.2971 0003330 335.9334 259.2747  1.00274215 35197
AMAZONAS 2              
1 35942U 09054A   19116.14007708 -.00000296  00000-0  00000+0 0  9993
2 35942   0.0571 108.2647 0003952 335.4254 119.6110  1.00271712 35010
COMSATBW-1              
1 35943U 09054B   19116.84816611  .00000012  00000-0  00000+0 0  9997
2 35943   0.0417  75.7254 0003531 343.9936 163.1933  1.00270302 35107
NSS-12                  
1 36032U 09058A   19116.63164660  .00000060  00000-0  00000+0 0  9991
2 36032   0.0044  58.0827 0002736 353.9981  86.6438  1.00268949 34775
THOR 6                  
1 36033U 09058B   19116.83542968 -.00000022  00000-0  00000+0 0  9994
2 36033   0.0281 131.2640 0001878 259.2612 123.9392  1.00270427 34814
INTELSAT 14 (IS-14)     
1 36097U 09064A   19116.18046251 -.00000286  00000-0  00000+0 0  9995
2 36097   0.0173 220.7317 0002737 187.8676 185.2641  1.00273422 34535
EUTELSAT 36B            
1 36101U 09065A   19116.12480604  .00000142  00000-0  00000+0 0  9990
2 36101   0.0700  14.8236 0005204  31.9390 247.8784  1.00273258 34645
INTELSAT 15 (IS-15)     
1 36106U 09067A   19116.49363939 -.00000198  00000-0  00000+0 0  9990
2 36106   0.0149 269.5505 0002568 143.8235  63.6861  1.00271631 34447
WGS F3 (USA 211)        
1 36108U 09068A   19116.83316154 -.00000109  00000-0  00000+0 0  9990
2 36108   0.0121 249.7880 0000517 223.2164  29.4634  1.00270745 34365
DIRECTV 12              
1 36131U 09075A   19116.16894740 -.00000116  00000-0  00000+0 0  9990
2 36131   0.0100 222.6350 0000215 137.4499 171.8264  1.00272082 34224
BEIDOU 3                
1 36287U 10001A   19115.64303597 -.00000300  00000-0  00000-0 0  9996
2 36287   1.4284 353.4010 0002166 150.3055  81.0253  1.00265604 34007
RADUGA-1M 2             
1 36358U 10002A   19116.49355215 -.00000196  00000-0  00000+0 0  9996
2 36358   0.0274 250.0560 0004102 175.1881  51.6342  1.00271684 33855
SDO                     
1 36395U 10005A   19116.56778715 -.00000052  00000-0  00000+0 0  9993
2 36395  29.6532 128.4515 0001085 355.7853 192.5598  1.00275160 33873
INTELSAT 16 (IS-16)     
1 36397U 10006A   19116.46144934 -.00000257  00000-0  00000+0 0  9992
2 36397   0.0170 258.5715 0002214 159.3955 246.1179  1.00272748 33576
GOES 15                 
1 36411U 10008A   19116.66645373  .00000042  00000-0  00000+0 0  9997
2 36411   0.1006  98.6817 0001534 331.8050 255.8545  1.00263659 33514
ECHOSTAR 14             
1 36499U 10010A   19116.45290022 -.00000013  00000-0  00000+0 0  9999
2 36499   0.0134 251.1468 0002384 145.0440 222.1102  1.00272375 33376
SES-1                   
1 36516U 10016A   19116.56989490 -.00000127  00000-0  00000+0 0  9997
2 36516   0.0070 304.8398 0002923 102.1012 271.4878  1.00270395 32973
ASTRA 3B                
1 36581U 10021A   19116.38174556  .00000124  00000-0  00000+0 0  9990
2 36581   0.0373 331.3593 0002882  60.1321 343.5379  1.00274470 32495
COMSATBW-2              
1 36582U 10021B   19116.33035755  .00000075  00000-0  00000+0 0  9998
2 36582   0.0120 243.8444 0002930 181.6843 280.5973  1.00270199 32832
BEIDOU 4                
1 36590U 10024A   19115.55927502 -.00000148  00000-0  00000+0 0  9995
2 36590   1.5975  37.7929 0003309  48.6143  47.7724  1.00270828 32611
BADR-5                  
1 36592U 10025A   19116.37618847  .00000132  00000-0  00000+0 0  9990
2 36592   0.0261 139.9041 0002978 315.8767 279.7788  1.00277586 32746
COMS 1                  
1 36744U 10032A   19116.50218851 -.00000357  00000-0  00000+0 0  9993
2 36744   0.0132 260.0783 0000551 140.9989 122.0632  1.00273870 32491
ARABSAT-5A              
1 36745U 10032B   19116.12375920  .00000140  00000-0  00000+0 0  9992
2 36745   0.0660  43.8758 0003939  18.5443 226.4477  1.00272145 32462
ECHOSTAR 15             
1 36792U 10034A   19116.14007708 -.00000295  00000-0  00000+0 0  9996
2 36792   0.0347  74.0690 0001976 309.6244 178.9335  1.00271409 32230
NILESAT 201             
1 36830U 10037A   19116.11625691 -.00000071  00000-0  00000+0 0  9998
2 36830   0.0536 151.3775 0005533 255.6036 201.6860  1.00273023 32127
RASCOM-QAF 1R           
1 36831U 10037B   19116.83612757  .00000006  00000-0  00000+0 0  9994
2 36831   0.0053 294.3799 0004922  98.5758 125.4692  1.00272070 32130
AEHF-1 (USA 214)        
1 36868U 10039A   19116.33382323  .00000015  00000-0  00000+0 0  9994
2 36868   1.7748 106.9891 0004214 294.5256 296.6581  1.00271923 32274
CHINASAT 6A (ZX 6A)     
1 37150U 10042A   19115.78366023 -.00000367  00000-0  00000-0 0  9992
2 37150   0.0557 109.0528 0000904 217.1731 294.4387  1.00274405 31739
QZS-1 (MICHIBIKI-1)     
1 37158U 10045A   19115.42864417 -.00000160  00000-0  00000-0 0  9995
2 37158  41.2835 149.5530 0754397 270.2508  84.6491  1.00290885 31587
XM-5                    
1 37185U 10053A   19116.15118841 -.00000218  00000-0  00000+0 0  9991
2 37185   0.0175 254.0396 0000491  85.4613 203.5597  1.00272064 31286
BSAT-3B                 
1 37207U 10056B   19115.91260976 -.00000364  00000-0  00000-0 0  9992
2 37207   0.0478 333.5568 0002933  34.0768 284.3892  1.00270292 26061
BEIDOU 6                
1 37210U 10057A   19116.24633160 -.00000125  00000-0  00000+0 0  9997
2 37210   0.7417  39.7330 0000758 225.5823 197.3285  1.00270579 31129
SKYTERRA 1              
1 37218U 10061A   19115.66650244 -.00000133  00000-0  00000+0 0  9996
2 37218   2.4483 344.3237 0002313 340.5414  27.1763  1.00271520 31064
ZHONGXING-20A           
1 37234U 10064A   19116.86151322 -.00000349  00000-0  00000+0 0  9992
2 37234   0.0647  69.8820 0007259 357.8192 227.0150  1.00268237 30873
HYLAS 1                 
1 37237U 10065A   19116.12044424  .00000078  00000-0  00000+0 0  9997
2 37237   0.0229 323.7904 0002207  72.0238 235.1472  1.00272402 30845
INTELSAT 17 (IS-17)     
1 37238U 10065B   19116.13082531 -.00000015  00000-0  00000+0 0  9992
2 37238   0.0310 137.3135 0002403 259.6740 289.9425  1.00271622 30759
EUTELSAT KA-SAT 9A      
1 37258U 10069A   19116.11948464  .00000049  00000-0  00000+0 0  9998
2 37258   0.0261  41.3858 0006463   1.4825 222.9724  1.00271875 30657
HISPASAT 30W-6          
1 37264U 10070A   19116.18351578 -.00000229  00000-0  00000+0 0  9999
2 37264   0.0533  99.2489 0004321 330.2135 180.5113  1.00273343 30503
KOREASAT 6              
1 37265U 10070B   19116.78692653 -.00000374  00000-0  00000+0 0  9999
2 37265   0.0113 247.4809 0001912 149.1906 217.1023  1.00266683 30525
BEIDOU 8                
1 37384U 11013A   19116.76299491 -.00000179  00000-0  10000-3 0  9998
2 37384  58.7102  65.8795 0040122 209.6150 333.4955  1.00270694 29521
INTELSAT NEW DAWN       
1 37392U 11016A   19116.48317109  .00000143  00000-0  00000+0 0  9991
2 37392   0.0141 210.3826 0000445  98.3126 112.2313  1.00273694 29350
YAHSAT 1A               
1 37393U 11016B   19115.91957344  .00000088  00000-0  00000-0 0  9999
2 37393   0.0142 228.3737 0002722 177.2722 191.5208  1.00271074 16248
SBIRS GEO-1 (USA 230)   
1 37481U 11019A   19116.77698163 -.00000023  00000-0  00000+0 0  9995
2 37481   2.5876 330.6224 0002575  62.7938 166.9753  1.00272619 29182
TELSTAR 14R             
1 37602U 11021A   19116.14007708 -.00000293  00000-0  00000+0 0  9992
2 37602   0.0333  59.3121 0003585 324.4830 177.4790  1.00272675 29629
GSAT-8                  
1 37605U 11022A   19116.77471348  .00000073  00000-0  00000+0 0  9995
2 37605   0.0070 212.1756 0003939  97.2769 238.9443  1.00272514 29082
ST-2                    
1 37606U 11022B   19116.10743814 -.00000225  00000-0  00000+0 0  9993
2 37606   0.0173 243.7023 0001983 192.6365 264.1476  1.00274137 29083
CHINASAT 10 (ZX 10)     
1 37677U 11026A   19116.89669135 -.00000364  00000-0  00000+0 0  9998
2 37677   0.0641 272.5023 0001957 215.6283 159.7742  1.00275382 28815
TIANLIAN 1-02           
1 37737U 11032A   19116.24555347 -.00000062  00000-0  00000+0 0  9995
2 37737   2.8033  75.1213 0023828 198.6327 195.4489  1.00273085 28560
GSAT-12                 
1 37746U 11034A   19116.89319388 -.00000175  00000-0  00000+0 0  9996
2 37746   0.0221 250.6832 0018792 187.1428 181.1922  1.00270561 28802
SES-3                   
1 37748U 11035A   19113.65632220 -.00000117  00000-0  00000+0 0  9999
2 37748   0.0368 102.8802 0002397 274.9601 326.8151  1.00271373 28504
KAZSAT-2                
1 37749U 11035B   19116.10743814 -.00000211  00000-0  00000+0 0  9990
2 37749   0.0202 284.8117 0002568 174.5443 239.6373  1.00270728 28400
BEIDOU 9                
1 37763U 11038A   19116.88941113 -.00000085  00000-0  10000-3 0  9990
2 37763  54.4365 189.3423 0060950 222.8337 216.5863  1.00258431 28490
ASTRA 1N                
1 37775U 11041A   19116.83944253  .00000107  00000-0  00000+0 0  9999
2 37775   0.0470 339.0248 0005809  57.5633 139.3495  1.00270721 28242
BSAT-3C (JCSAT-110R)    
1 37776U 11041B   19116.89669135 -.00000363  00000-0  00000+0 0  9994
2 37776   0.0145 248.0823 0000528 241.5825 157.7193  1.00270273 28365
PAKSAT-1R               
1 37779U 11042A   19116.84319368  .00000142  00000-0  00000+0 0  9997
2 37779   0.0433  62.5237 0003544 340.8778 152.6762  1.00270320 28120
CHINASAT 1A (ZX 1A)     
1 37804U 11047A   19115.92821010 -.00000351  00000-0  00000-0 0  9995
2 37804   0.0347 356.6273 0002226  58.5299 262.5235  1.00269526 27915
COSMOS 2473             
1 37806U 11048A   19116.18674351 -.00000121  00000-0  00000+0 0  9995
2 37806   0.0607 102.7635 0004467 323.9647 200.8929  1.00271918 27905
SES-2                   
1 37809U 11049A   19116.15118841 -.00000209  00000-0  00000+0 0  9990
2 37809   0.0087 266.5447 0002759 129.4348 145.3079  1.00272961 27840
ARABSAT-5C              
1 37810U 11049B   19116.12166556  .00000110  00000-0  00000+0 0  9995
2 37810   0.0647   9.3155 0002776  34.4935 233.8349  1.00269544 27744
EUTELSAT 7 WEST A       
1 37816U 11051A   19116.54152637 -.00000073  00000-0  00000+0 0  9994
2 37816   0.0825  50.1199 0004324  95.2567 256.4735  1.00272608 27810
QUETZSAT 1              
1 37826U 11054A   19116.82025064 -.00000254  00000-0  00000+0 0  9993
2 37826   0.0423  62.0561 0002540 343.3216  27.4383  1.00276846 27943
INTELSAT 18 (IS-18)     
1 37834U 11056A   19116.79966296  .00000041  00000-0  00000+0 0  9994
2 37834   0.0121 183.2214 0003009 239.6516 259.5160  1.00274266 27696
EUTELSAT 16A            
1 37836U 11057A   19116.12088042  .00000091  00000-0  00000+0 0  9993
2 37836   0.0705   3.8566 0004681  36.1810 233.3283  1.00269850 27629
VIASAT-1                
1 37843U 11059A   19116.09470965 -.00000037  00000-0  00000+0 0  9999
2 37843   0.0120 236.2527 0002750 162.2957  94.2509  1.00270361 28114
ASIASAT 7               
1 37933U 11069A   19116.23989284 -.00000347  00000-0  00000+0 0  9999
2 37933   0.0135 190.1826 0001824 195.2692  20.3304  1.00275397 27300
BEIDOU 10               
1 37948U 11073A   19115.58508882 -.00000144  00000-0  10000-3 0  9998
2 37948  52.2406 302.8344 0056523 207.1298   9.2093  1.00265838 27236
LUCH 5A                 
1 37951U 11074B   19116.86866656 -.00000066  00000-0  00000+0 0  9999
2 37951   2.3835 130.7683 0004120 267.4579 294.8618  1.00271170 27032
NIGCOMSAT 1R            
1 38014U 11077A   19116.84406604  .00000133  00000-0  00000+0 0  9998
2 38014   0.0013 333.3965 0003034  78.4902 149.0231  1.00270195 26872
FENGYUN 2F              
1 38049U 12002A   19115.99651579 -.00000370  00000-0  00000+0 0  9997
2 38049   1.1262  81.2118 0001406 108.1461 135.2027  1.00275243 26722
WGS F4 (USA 233)        
1 38070U 12003A   19116.49425005 -.00000227  00000-0  00000+0 0  9992
2 38070   0.0128 245.4903 0000454 230.8462   4.1726  1.00272550 26567
SES-4                   
1 38087U 12007A   19116.44563436 -.00000181  00000-0  00000+0 0  9999
2 38087   0.0221 309.4176 0002335  95.9261 307.2402  1.00271921 26322
BEIDOU 11               
1 38091U 12008A   19116.84729375  .00000044  00000-0  00000+0 0  9992
2 38091   2.0264  69.1140 0005301 312.5691 196.6898  1.00276976 26322
MUOS-1                  
1 38093U 12009A   19116.15403006  .00000050  00000-0  00000+0 0  9996
2 38093   2.6773 353.9212 0052005 176.5410 281.8203  1.00272374 26290
INTELSAT 22 (IS-22)     
1 38098U 12011A   19116.13204663 -.00000072  00000-0  00000+0 0  9995
2 38098   0.0132 266.5739 0002581 124.9365 301.9786  1.00271887 25881
APSTAR 7                
1 38107U 12013A   19116.13291898 -.00000115  00000-0  00000+0 0  9992
2 38107   0.0376 116.9494 0002660 283.4501 297.7913  1.00271814 26008
YAHSAT 1B               
1 38245U 12016A   19116.37063395  .00000114  00000-0  00000+0 0  9991
2 38245   0.0143 246.7651 0002284 167.5749 340.7623  1.00270417 25765
AEHF-2 (USA 235)        
1 38254U 12019A   19116.14007708 -.00000287  00000-0  00000+0 0  9997
2 38254   1.5550  25.9379 0004888  20.7142 150.0728  1.00274988 25514
JCSAT-13                
1 38331U 12023A   19116.78849676 -.00000368  00000-0  00000+0 0  9996
2 38331   0.0114 249.0107 0002422 178.4652 194.8740  1.00273306 25419
VINASAT-2               
1 38332U 12023B   19116.50288639 -.00000341  00000-0  00000+0 0  9994
2 38332   0.0023 302.1841 0002803 116.3736 108.5271  1.00273540 25457
NIMIQ 6                 
1 38342U 12026A   19116.15118841 -.00000187  00000-0  00000+0 0  9994
2 38342   0.0043 194.2730 0003002 203.0330 139.8856  1.00271880 25432
CHINASAT 2A (ZX 2A)     
1 38352U 12028A   19116.06548565 -.00000306  00000-0  00000+0 0  9990
2 38352   0.0378  45.6828 0003989   5.6745 284.2437  1.00274155 25473
INTELSAT 19 (IS-19)     
1 38356U 12030A   19115.86365556 -.00000070  00000-0  00000-0 0  9990
2 38356   0.0152 275.7874 0003284 126.8135 287.8889  1.00272386 24294
ECHOSTAR 17             
1 38551U 12035A   19116.45525559 -.00000088  00000-0  00000+0 0  9997
2 38551   0.0155 234.6155 0001912 155.6781 240.6518  1.00271993 24966
METEOSAT-10 (MSG-3)     
1 38552U 12035B   19116.69384580  .00000048  00000-0  00000+0 0  9996
2 38552   1.0055  17.3184 0000639  67.6009  28.4475  1.00270403 25066
SES-5                   
1 38652U 12036A   19116.38730007  .00000021  00000-0  00000+0 0  9994
2 38652   0.0443  97.8005 0002388 307.0113 313.6756  1.00274172 24913
TIANLIAN 1-03           
1 38730U 12040A   19116.12105490  .00000095  00000-0  00000+0 0  9991
2 38730   0.0329 225.2894 0006135 210.8855 197.9931  1.00273122 24826
INTELSAT 20 (IS-20)     
1 38740U 12043A   19116.50743625 -.00000037  00000-0  00000+0 0  9992
2 38740   0.0206 153.4941 0001666  40.6876 271.2084  1.00270220 24676
HYLAS 2                 
1 38741U 12043B   19116.12384646  .00000141  00000-0  00000+0 0  9990
2 38741   0.0372  75.8922 0001906 330.9033 242.6613  1.00269731 24680
INTELSAT 21 (IS-21)     
1 38749U 12045A   19116.82549534 -.00000297  00000-0  00000+0 0  9999
2 38749   0.0119 209.1647 0002218 191.5025  53.0410  1.00273300 24486
ASTRA 2F                
1 38778U 12051A   19116.48221149  .00000138  00000-0  00000+0 0  9992
2 38778   0.0610 232.6582 0000587 339.0963 204.2521  1.00275732 24136
GSAT-10                 
1 38779U 12051B   19116.49320322 -.00000178  00000-0  00000+0 0  9992
2 38779   0.1030  94.9807 0003128 334.5606  45.2216  1.00272358 24136
INTELSAT 23 (IS-23)     
1 38867U 12057A   19116.46607285 -.00000297  00000-0  00000+0 0  9991
2 38867   0.0403  81.4264 0001867 324.0654 283.4702  1.00270885 23947
BEIDOU 16               
1 38953U 12059A   19115.77546006 -.00000189  00000-0  00000-0 0  9996
2 38953   1.7608  83.1890 0004761 235.2290 258.2226  1.00274757 23883
LUCH 5B                 
1 38977U 12061A   19115.75548304 -.00000143  00000-0  00000+0 0  9995
2 38977   4.8991  70.2136 0006932 312.4855  86.4613  1.00270641 24010
YAMAL 300K              
1 38978U 12061B   19116.15420453  .00000058  00000-0  00000+0 0  9999
2 38978   0.0156 279.6288 0000672 134.7068  37.9955  1.00271810 23716
STAR ONE C3             
1 38991U 12062A   19116.78413215 -.00000261  00000-0  00000+0 0  9999
2 38991   0.0393  78.3191 0003228 341.2107   2.2466  1.00271891 23700
EUTELSAT 21B            
1 38992U 12062B   19116.83987872  .00000118  00000-0  00000+0 0  9991
2 38992   0.0705   5.5295 0002373  29.2267 143.7406  1.00269558 23718
ECHOSTAR 16             
1 39008U 12065A   19116.83104950 -.00000294  00000-0  00000+0 0  9997
2 39008   0.0170 219.4251 0001729 176.9929  55.7863  1.00273023 23654
CHINASAT 12 (ZX 12)     
1 39017U 12067A   19116.13509987 -.00000219  00000-0  00000+0 0  9998
2 39017   0.0213 141.6598 0003060 258.3927 309.9158  1.00270484 23542
EUTELSAT 70B            
1 39020U 12069A   19116.13178491 -.00000056  00000-0  00000+0 0  9995
2 39020   0.0680 353.9721 0001836  70.1441 267.6728  1.00270800 23444
YAMAL 402               
1 39022U 12070A   19116.41582497  .00000073  00000-0  00000+0 0  9993
2 39022   0.0150  61.0260 0003394 351.9929   5.6948  1.00272186 23448
SKYNET 5D               
1 39034U 12075A   19116.48718394  .00000086  00000-0  00000+0 0  9999
2 39034   0.0780 353.1777 0003361  45.5259  43.6596  1.00275105 23360
MEXSAT 3                
1 39035U 12075B   19116.55996535 -.00000038  00000-0  00000+0 0  9991
2 39035   0.0127 244.4609 0002483 165.3547 251.2205  1.00270888 23319
TDRS 11                 
1 39070U 13004A   19115.31691434  .00000061  00000-0  00000-0 0  9992
2 39070   4.4489 329.4978 0004441  33.1571 150.0957  1.00267924 22816
AMAZONAS 3              
1 39078U 13006A   19116.44141068 -.00000295  00000-0  00000+0 0  9999
2 39078   0.0228 204.2162 0001359 186.7397 281.0580  1.00276166 22802
AZERSPACE 1             
1 39079U 13006B   19116.48578816  .00000121  00000-0  00000+0 0  9996
2 39079   0.0281  76.6054 0002615   2.0041 356.4690  1.00270080 22779
SBIRS GEO-2 (USA 241)   
1 39120U 13011A   19116.83970424  .00000107  00000-0  00000+0 0  9993
2 39120   2.6541 330.9879 0002046  66.3620 140.0854  1.00272865 22433
EUTELSAT 117 WEST A     
1 39122U 13012A   19116.16615583 -.00000026  00000-0  00000+0 0  9995
2 39122   0.0332  38.8184 0003004 348.5605 129.4946  1.00271810 22309
ANIK G1                 
1 39127U 13014A   19116.56568325 -.00000087  00000-0  00000+0 0  9994
2 39127   0.0128 262.9334 0001701 106.1534 301.5270  1.00272231 22092
CHINASAT 11 (ZX 11)     
1 39157U 13020A   19116.56796438 -.00000303  00000-0  00000+0 0  9993
2 39157   0.0199 182.4518 0003150 139.5161 194.7871  1.00270642 21990
EUTELSAT 7B             
1 39163U 13022A   19116.76520478  .00000036  00000-0  00000+0 0  9995
2 39163   0.0781  64.7598 0005404 317.5117 114.6554  1.00271462 21829
WGS F5 (USA 243)        
1 39168U 13024A   19116.46616008 -.00000297  00000-0  00000+0 0  9994
2 39168   0.0169 224.1421 0000879 235.1290 230.2156  1.00273813 21666
SES-6                   
1 39172U 13026A   19116.46851545 -.00000274  00000-0  00000+0 0  9993
2 39172   0.0354 303.5560 0002074 104.7361 294.0436  1.00272685 21566
IRNSS-1A                
1 39199U 13034A   19116.05676206  .00000106  00000-0  00000+0 0  9998
2 39199  30.0274 103.5642 0018988 188.7489 356.8920  1.00276816 21488
MUOS-2                  
1 39206U 13036A   19115.88249851 -.00000142  00000-0  00000+0 0  9992
2 39206   2.9330 345.2535 0056663   3.4907  82.5435  1.00270854 21147
ALPHASAT                
1 39215U 13038A   19116.38174556  .00000125  00000-0  00000+0 0  9999
2 39215   2.1923  23.5079 0002111  29.8321 323.0361  1.00273903 21102
INSAT-3D                
1 39216U 13038B   19116.88034929 -.00000168  00000-0  00000+0 0  9992
2 39216   0.0656 105.2527 0001752 317.2440 191.0772  1.00271261 21143
WGS F6 (USA 244)        
1 39222U 13041A   19116.63402174  .00000077  00000-0  00000+0 0  9995
2 39222   0.0083 249.9511 0000427 214.4467 202.9864  1.00270929 20905
EUTELSAT 25B            
1 39233U 13044A   19116.12279961  .00000130  00000-0  00000+0 0  9990
2 39233   0.0558  34.6869 0001890  13.8761 234.9480  1.00274033 20732
GSAT-7                  
1 39234U 13044B   19116.13248281 -.00000090  00000-0  00000+0 0  9999
2 39234   0.0928  97.4525 0006089 198.4829  39.6007  1.00272704 20738
AMOS-4                  
1 39237U 13045A   19116.50743625 -.00000005  00000-0  00000+0 0  9992
2 39237   0.0628  96.3633 0002277 321.2376  44.2914  1.00272543 20734
AEHF-3 (USA 246)        
1 39256U 13050A   19116.89070625 -.00000196  00000-0  00000+0 0  9995
2 39256   1.2442 312.4732 0006696  63.1339 311.7678  1.00275084 20534
ASTRA 2E                
1 39285U 13056A   19115.76446833  .00000137  00000-0  00000+0 0  9990
2 39285   0.0834  56.1765 0002585 327.6454 133.3432  1.00271742 20426
SIRIUS FM-6             
1 39360U 13058A   19116.53315160 -.00000030  00000-0  00000+0 0  9993
2 39360   0.0100 271.8370 0000633 311.8881  66.3066  1.00272086 20188
RADUGA-1M 3             
1 39375U 13062A   19116.50743624 -.00000052  00000-0  00000+0 0  9995
2 39375   0.0117 211.2455 0003411 216.2402  39.4510  1.00272832 19977
SES-8                   
1 39460U 13071A   19115.95121358 -.00000283  00000-0  00000-0 0  9999
2 39460   0.0087 230.6517 0002867 190.5360 229.9122  1.00273383 18340
INMARSAT 5-F1           
1 39476U 13073A   19116.41730797  .00000015  00000-0  00000+0 0  9994
2 39476   0.0114 231.1917 0000243 311.8695 243.8929  1.00270742 19777
TKSAT-1 (TUPAC KATARI)  
1 39481U 13075A   19116.81815698 -.00000207  00000-0  00000+0 0  9994
2 39481   0.0160 263.2561 0003380 133.4082  25.1921  1.00272243 19690
EXPRESS-AM5             
1 39487U 13077A   19115.55118815 -.00000294  00000-0  00000-0 0  9996
2 39487   0.0084 317.4736 0000877  96.4341 137.8309  1.00271282 20203
GSAT-14                 
1 39498U 14001A   19116.13248281 -.00000090  00000-0  00000+0 0  9995
2 39498   0.0647 100.8452 0002721 228.7209   5.9448  1.00272310 19415
THAICOM 6               
1 39500U 14002A   19116.90578917 -.00000133  00000-0  00000+0 0  9995
2 39500   0.0719 114.0696 0003397 329.5103 175.6282  1.00271410 19364
TDRS 12                 
1 39504U 14004A   19116.46842823 -.00000286  00000-0  00000+0 0  9991
2 39504   5.1809 336.4936 0000454 349.3751  15.9420  1.00277602 19292
ABS-2                   
1 39508U 14006A   19116.85052148 -.00000098  00000-0  00000+0 0  9994
2 39508   0.0217 300.5139 0003855 109.0616 186.0862  1.00272247 19165
ATHENA-FIDUS            
1 39509U 14006B   19116.37063395  .00000141  00000-0  00000+0 0  9996
2 39509   0.0116 276.9589 0001690 144.1532 324.2017  1.00274967 19340
TURKSAT 4A              
1 39522U 14007A   19116.84397880  .00000134  00000-0  00000+0 0  9995
2 39522   0.0251 266.6604 0002249  75.2016 218.4939  1.00273315 19052
EXPRESS-AT1             
1 39612U 14010A   19115.62637392  .00000065  00000-0  00000-0 0  9993
2 39612   0.0152 333.3962 0000062 161.4354 359.9983  1.00271637 18880
EXPRESS-AT2             
1 39613U 14010B   19116.89585286 -.00000293  00000-0  00000+0 0  9991
2 39613   0.0128 318.7435 0000767 129.4976 228.6986  1.00273046 18726
AMAZONAS 4A             
1 39616U 14011A   19116.14563147 -.00000266  00000-0  00000+0 0  9995
2 39616   0.0739  71.4010 0003372 327.6904 153.2101  1.00272620 18704
ASTRA 5B                
1 39617U 14011B   19116.84188514  .00000143  00000-0  00000+0 0  9997
2 39617   0.0382  52.7246 0004314 333.9543 162.4411  1.00274795 18710
IRNSS-1B                
1 39635U 14017A   19116.05676206  .00000072  00000-0  00000+0 0  9997
2 39635  28.6010 284.0350 0020534 176.7491 188.4246  1.00275012 18646
LUCH 5V                 
1 39727U 14023A   19116.88926730 -.00000282  00000-0  00000+0 0  9991
2 39727   1.3242 302.9713 0004310 115.5993 210.8775  1.00270045536360
KAZSAT-3                
1 39728U 14023B   19116.12934230  .00000047  00000-0  00000+0 0  9991
2 39728   0.0179 236.3162 0000284 169.4438 273.1529  1.00272899 18275
EUTELSAT 3B             
1 39773U 14030A   19116.83621480  .00000008  00000-0  00000+0 0  9994
2 39773   0.0816 329.2067 0002825 176.3909  13.0687  1.00271491 18062
ASIASAT 8               
1 40107U 14046A   19116.61943358 -.00000046  00000-0  00000+0 0  9994
2 40107   0.0420  81.5335 0002022 303.1328  48.7890  1.00271491 17347
ASIASAT 6               
1 40141U 14052A   19116.19450284 -.00000375  00000-0  00000+0 0  9998
2 40141   0.0105 215.8853 0000735 180.7450   7.1987  1.00273956 17003
OPTUS 10                
1 40146U 14054A   19116.79477775 -.00000159  00000-0  00000+0 0  9995
2 40146   0.0605 263.5766 0002182 151.9346 241.1115  1.00271339 16968
MEASAT-3B               
1 40147U 14054B   19116.06417712 -.00000255  00000-0  00000+0 0  9998
2 40147   0.0381  41.1086 0002442 343.4038 303.8556  1.00272835 17003
LUCH (OLYMP)            
1 40258U 14058A   19116.80807292  .00000038  00000-0  00000+0 0  9991
2 40258   0.0076 222.6014 0001372 223.9552 118.7601  1.00270560 16789
HIMAWARI-8              
1 40267U 14060A   19116.50471834 -.00000288  00000-0  00000+0 0  9998
2 40267   0.0214 144.5209 0001047 282.2932 109.7355  1.00273967 16702
IRNSS-1C                
1 40269U 14061A   19116.85217897 -.00000173  00000-0  00000+0 0  9999
2 40269   1.9900 212.3894 0017813   9.7699  22.2728  1.00269990 16670
INTELSAT 30 (IS-30)     
1 40271U 14062A   19116.17051763 -.00000164  00000-0  00000+0 0  9996
2 40271   0.0173 255.8515 0001816 197.7902  86.5697  1.00272412 16602
ARSAT 1                 
1 40272U 14062B   19116.82121023 -.00000272  00000-0  00000+0 0  9996
2 40272   0.0154 204.2737 0001377 214.4471  19.6462  1.00271991 16738
EXPRESS-AM6             
1 40277U 14064A   19116.41538878  .00000085  00000-0  00000+0 0  9999
2 40277   0.0131 294.2758 0001407 181.9561 300.4290  1.00271759 16510
GSAT-16                 
1 40332U 14078A   19116.77480072  .00000072  00000-0  00000+0 0  9993
2 40332   0.0967  93.9965 0007247 341.6814 112.7956  1.00273277 16102
DIRECTV 14              
1 40333U 14078B   19116.45682583 -.00000138  00000-0  00000+0 0  9994
2 40333   0.0142 243.8831 0000738 257.9363 137.5556  1.00270523 16081
YAMAL 401               
1 40345U 14082A   19116.85348751 -.00000240  00000-0  00000+0 0  9996
2 40345   0.0170 190.7384 0000817 268.8985 152.1186  1.00268997 16250
ASTRA 2G                
1 40364U 14089A   19116.76939209  .00000138  00000-0  00000+0 0  9993
2 40364   0.0509  63.4193 0004994 345.8365 110.3811  1.00273450 15866
FENGYUN 2G              
1 40367U 14090A   19116.53729882 -.00000312  00000-0  00000+0 0  9992
2 40367   1.1156 102.0578 0002354 318.7830  86.2946  1.00266765 15883
MUOS-3                  
1 40374U 15002A   19116.18648181 -.00000143  00000-0  00000+0 0  9999
2 40374   3.2679 338.3729 0053012 176.1517 111.0308  1.00271602 15651
INMARSAT 5-F2           
1 40384U 15005A   19116.82549534 -.00000298  00000-0  00000+0 0  9997
2 40384   0.0125 230.9028 0000095 220.2614   5.5377  1.00268976 15523
ABS-3A                  
1 40424U 15010A   19116.39285439 -.00000039  00000-0  00000+0 0  9994
2 40424   0.0109 266.4364 0002205  59.0926  27.0335  1.00271731 15241
EUTELSAT 115 WEST B     
1 40425U 15010B   19116.12271368 -.00000038  00000-0  00000+0 0  9991
2 40425   0.0104 107.2844 0000489 172.8479 223.0025  1.00272597 15279
EXPRESS-AM7             
1 40505U 15012A   19116.88174319  .00000138  00000-0  00000+0 0  9993
2 40505   0.0121 229.1530 0002681 154.3420 188.5616  1.00276473 15201
IRNSS-1D                
1 40547U 15018A   19115.74610003 -.00000310  00000-0  00000+0 0  9997
2 40547  29.3333 284.1446 0022989 182.3520 127.9818  1.00269617 15076
BD-17                   
1 40549U 15019A   19116.24692177 -.00000164  00000-0  00000+0 0  9995
2 40549  53.6283 326.0076 0037560 187.4646 244.9924  1.00264185 14929
THOR 7                  
1 40613U 15022A   19116.11756545 -.00000021  00000-0  00000+0 0  9999
2 40613   0.0386 106.2389 0002692 293.6904 215.5587  1.00272658 14654
TURKMENALEM52E/MONACOSAT
1 40617U 15023A   19115.91968211  .00000090  00000-0  00000-0 0  9992
2 40617   0.0150 284.8703 0003033 126.6819 185.1993  1.00269798 14676
DIRECTV 15              
1 40663U 15026A   19116.16938358 -.00000129  00000-0  00000+0 0  9996
2 40663   0.0187 130.8409 0000224 305.1800  97.9768  1.00273815 14375
SKY MEXICO-1            
1 40664U 15026B   19116.46092593 -.00000247  00000-0  00000+0 0  9993
2 40664   0.0239 275.6715 0002091 126.3952 259.2652  1.00272884 14377
METEOSAT-11 (MSG-4)     
1 40732U 15034A   19116.69192661 -.00000015  00000-0  00000+0 0  9993
2 40732   0.8690 217.7937 0000739 156.3880  89.1132  1.00276193 13879
STAR ONE C4             
1 40733U 15034B   19116.14007708 -.00000278  00000-0  00000+0 0  9992
2 40733   0.0429  63.4463 0002838 332.2688 158.5566  1.00271592 13864
WGS F7 (USA 263)        
1 40746U 15036A   19116.15254705  .00000005  00000-0  00000+0 0  9997
2 40746   0.0127 279.3158 0000123  68.7502  95.7044  1.00272116 13713
INTELSAT 34 (IS-34)     
1 40874U 15039A   19116.82549534 -.00000298  00000-0  00000+0 0  9998
2 40874   0.0119 237.8261 0000330 310.5095 267.8698  1.00267978 13510
EUTELSAT 8 WEST B       
1 40875U 15039B   19116.18787757 -.00000079  00000-0  00000+0 0  9996
2 40875   0.0697  19.4656 0003493  31.8795 222.1863  1.00272161 13526
GSAT-6                  
1 40880U 15041A   19116.49320322 -.00000178  00000-0  00000+0 0  9990
2 40880   0.0803  97.8266 0005660 189.1575 187.8017  1.00272132 13479
INMARSAT 5-F3           
1 40882U 15042A   19116.79957573  .00000038  00000-0  00000+0 0  9994
2 40882   0.0118 230.4500 0000823 246.7399 204.7647  1.00269817 13391
MUOS-4                  
1 40887U 15044A   19116.13265727 -.00000108  00000-0  00000+0 0  9991
2 40887   3.4483 336.0845 0057059   3.1258 357.3526  1.00272969 13400
TJS-1                   
1 40892U 15046A   19116.72289536 -.00000169  00000-0  10000-3 0  9990
2 40892   0.1037 106.6884 0004164 321.4634 201.4938  1.00270314 13398
EXPRESS-AM8             
1 40895U 15048A   19116.18665627 -.00000125  00000-0  00000+0 0  9991
2 40895   0.0083 304.6752 0001054 147.1684 175.2336  1.00271765 13210
BD-20                   
1 40938U 15053A   19115.44910574 -.00000135  00000-0  00000-0 0  9999
2 40938  53.2386 288.9922 0048147 179.9313   2.4981  1.00276871 13190
SKY MUSTER (NBN1A)      
1 40940U 15054A   19116.43283597 -.00000291  00000-0  00000+0 0  9993
2 40940   0.0128 254.4482 0001743 146.9822 108.7645  1.00271786 13126
ARSAT 2                 
1 40941U 15054B   19116.14563147 -.00000238  00000-0  00000+0 0  9995
2 40941   0.0117 216.9491 0001685 197.0305 131.3122  1.00272203 13156
MORELOS 3               
1 40946U 15056A   19116.09514583 -.00000062  00000-0  00000+0 0  9991
2 40946   5.4706 328.1486 0000695 337.6233 189.1787  1.00271512 13112
APSTAR 9                
1 40982U 15059A   19115.93065271 -.00000279  00000-0  00000+0 0  9991
2 40982   0.0354 133.9203 0001374 262.1371 294.6074  1.00274054 12980
TURKSAT 4B              
1 40984U 15060A   19116.84554904  .00000103  00000-0  00000+0 0  9997
2 40984   0.0339  81.2275 0002219 325.4459 162.2575  1.00272391 12953
CHINASAT 2C (ZX 2C)     
1 41021U 15063A   19116.49545957 -.00000336  00000-0  00000+0 0  9991
2 41021   0.0316   6.2902 0003202  34.5612  95.1225  1.00268712 12854
GSAT-15                 
1 41028U 15065A   19115.90959944 -.00000271  00000-0  00000+0 0  9998
2 41028   0.0732 103.7692 0002548 307.8317 223.0236  1.00271758 12692
BADR-7 (ARABSAT-6B)     
1 41029U 15065B   19116.12288684  .00000132  00000-0  00000+0 0  9995
2 41029   0.0361 255.2476 0001893 347.2226  41.5751  1.00273328 12749
LAOSAT 1                
1 41034U 15067A   19116.50227574 -.00000355  00000-0  00000+0 0  9994
2 41034   0.0524  65.7203 0002572 305.6380 152.1667  1.00274191 12689
TELSTAR 12V             
1 41036U 15068A   19113.67394384 -.00000134  00000-0  00000-0 0  9992
2 41036   0.0586  84.7298 0002190 293.0263  61.2851  1.00272203 12542
CHINASAT 1C (ZX 1C)     
1 41103U 15073A   19115.55962397 -.00000163  00000-0  00000-0 0  9999
2 41103   0.6465  96.4011 0002689 246.4070 153.3499  1.00270125 12501
ELEKTRO-L 2             
1 41105U 15074A   19116.85069596 -.00000108  00000-0  00000+0 0  9993
2 41105   0.2340 114.2930 0002704 302.3881 180.0928  1.00272869 12365
COSMOS 2513             
1 41121U 15075A   19116.85156832 -.00000150  00000-0  00000+0 0  9999
2 41121   0.0646  98.2311 0003739 310.2771 192.8595  1.00271681 12440
EXPRESS-AMU1            
1 41191U 15082A   19116.12489328  .00000142  00000-0  00000+0 0  9993
2 41191   0.0125 225.4712 0002626 160.4292 268.9739  1.00272637 12341
GAOFEN 4                
1 41194U 15083A   19116.89281640 -.00000347  00000-0  00000+0 0  9996
2 41194   0.0789 116.0118 0002389  58.7162 106.9679  1.00273823 12337
BELINTERSAT-1           
1 41238U 16001A   19116.84581074  .00000095  00000-0  00000+0 0  9994
2 41238   0.0509 110.6912 0001752 308.1070 151.7544  1.00269738 12105
IRNSS-1E                
1 41241U 16003A   19112.90932604 -.00000284  00000-0  00000-0 0  9994
2 41241  29.1708 103.2002 0020041 186.2447   0.3140  1.00267935 11898
EUTELSAT 9B             
1 41310U 16005A   19116.38730007  .00000049  00000-0  00000+0 0  9999
2 41310   0.0743  77.4263 0003785 251.3146  33.7864  1.00270610 11953
SES-9                   
1 41380U 16013A   19116.42646774 -.00000358  00000-0  00000+0 0  9991
2 41380   0.0147 261.8279 0002198 165.7857  48.3398  1.00272254 11598
EUTELSAT 65 WEST A      
1 41382U 16014A   19116.14007708 -.00000289  00000-0  00000+0 0  9994
2 41382   0.0553  31.1242 0001919  15.0264 152.9358  1.00272044 11481
IRNSS-1F                
1 41384U 16015A   19116.12410815  .00000144  00000-0  00000+0 0  9991
2 41384   2.8135 242.6156 0022523 178.8005 229.5163  1.00271327 11520
BEIDOU IGSO-6           
1 41434U 16021A   19116.29796685 -.00000136  00000-0  00000+0 0  9996
2 41434  56.4628  65.0032 0032974 202.0564 148.9604  1.00260215 11325
IRNSS-1G                
1 41469U 16027A   19115.92812286 -.00000349  00000-0  00000+0 0  9991
2 41469   2.8631 244.8359 0004761 186.6147 245.7679  1.00277692 11020
JCSAT 2B                
1 41471U 16028A   19116.88721747 -.00000177  00000-0  00000+0 0  9991
2 41471   0.0178 237.3440 0001814 173.0524 277.5881  1.00273353 10939
THAICOM 8               
1 41552U 16031A   19116.50188192 -.00000135  00000-0  00000+0 0  9999
2 41552   0.0656  54.3178 0004824 344.9497  74.1525  1.00273218 10629
INTELSAT 31 (IS-31)     
1 41581U 16035A   19116.17051763 -.00000164  00000-0  00000+0 0  9993
2 41581   0.0142 243.8747 0002433 318.2094 338.1164  1.00271195 10533
BD-2-G7                 
1 41586U 16037A   19116.23283729 -.00000367  00000-0  00000+0 0  9991
2 41586   0.8294  34.8377 0009300  11.0183   2.4497  1.00274118 10626
ABS-2A (MONGOLSAT-1)    
1 41588U 16038A   19116.50188192 -.00000096  00000-0  00000+0 0  9991
2 41588   0.0138 250.8973 0002076  80.9073 137.7916  1.00270551 10541
EUTELSAT 117 WEST B     
1 41589U 16038B   19116.16615583 -.00000025  00000-0  00000+0 0  9995
2 41589   0.0106 106.6728 0000432 134.3566 275.6909  1.00272754 10549
BRISAT                  
1 41591U 16039A   19116.89085882 -.00000208  00000-0  00000+0 0  9995
2 41591   0.0163 256.8332 0002156 142.9369 286.0311  1.00271399 10485
ECHOSTAR 18             
1 41592U 16039B   19116.47214167 -.00000295  00000-0  00000+0 0  9996
2 41592   0.0128 231.7325 0001628 174.2521 276.8131  1.00269010 10464
MUOS-5                  
1 41622U 16041A   19115.61172395 -.00000195  00000-0  00000+0 0  9993
2 41622   8.1062 311.5676 0201751 206.5834 170.3545  1.00272852 10909
TIANTONG-1 1            
1 41725U 16048A   19116.42507197 -.00000333  00000-0  00000+0 0  9990
2 41725   3.5933 328.5303 0006148  61.8154  78.2067  1.00272665 10103
JCSAT-16                
1 41729U 16050A   19116.79093938 -.00000318  00000-0  00000+0 0  9993
2 41729   0.0135 205.1445 0002204 168.6138 261.4998  1.00272118  9916
INTELSAT 36 (IS-36)     
1 41747U 16053A   19116.50743625 -.00000037  00000-0  00000+0 0  9998
2 41747   0.0140 333.2573 0000541  38.9298  93.1840  1.00272043  9806
INTELSAT 33E (IS-33E)   
1 41748U 16053B   19116.85327455  .00000037  00000-0  00000+0 0  9995
2 41748   0.0233   0.6134 0002106  54.1188 167.0109  1.00270963 10063
INSAT-3DR               
1 41752U 16054A   19116.85034701 -.00000089  00000-0  00000+0 0  9998
2 41752   0.1627  95.5555 0010744 186.0002 313.1061  1.00271354  9641
GSAT-18                 
1 41793U 16060A   19116.13248281 -.00000090  00000-0  00000+0 0  9993
2 41793   0.1209  96.1655 0001812 343.3843 255.9824  1.00272171  9364
SKY MUSTER 2            
1 41794U 16060B   19116.50550347 -.00000257  00000-0  00000+0 0  9999
2 41794   0.0143 253.8839 0001602 150.5746 136.5290  1.00272368  9419
HIMAWARI-9              
1 41836U 16064A   19116.89585286 -.00000287  00000-0  00000+0 0  9995
2 41836   0.0420  67.7285 0000600   2.5370 247.6066  1.00271332  9142
SHIJIAN-17 (SJ-17)      
1 41838U 16065A   19116.81154455 -.00000270  00000-0  00000+0 0  9992
2 41838   0.6466  96.7246 0003380 312.0094 191.6670  1.00261686  9071
GOES 16                 
1 41866U 16071A   19116.53341897 -.00000261  00000-0  00000+0 0  9997
2 41866   0.0038 286.7266 0001129 158.7492 245.5944  1.00271872  8946
TIANLIAN 1-04           
1 41869U 16072A   19116.13291898 -.00000121  00000-0  00000+0 0  9997
2 41869   1.1906 284.4704 0015323 152.7694 261.4465  1.00273086  9154
WGS F8 (USA 272)        
1 41879U 16075A   19115.42969101 -.00000217  00000-0  00000-0 0  9998
2 41879   0.0095 235.4881 0000343 167.4729 114.6522  1.00271670  8678
FENGYUN 4A              
1 41882U 16077A   19116.25372616 -.00000343  00000-0  00000+0 0  9994
2 41882   0.1723 288.3775 0004712 221.6846 259.8929  1.00275036  8827
ECHOSTAR 19             
1 41893U 16079A   19116.11160531 -.00000152  00000-0  00000+0 0  9992
2 41893   0.0177 239.1984 0001235 180.9620  96.7338  1.00271160  8579
JCSAT-15                
1 41903U 16082A   19115.91260856 -.00000364  00000-0  00000+0 0  9991
2 41903   0.0118 253.9600 0001512 152.8579 245.4132  1.00271510  8613
STAR ONE D1             
1 41904U 16082B   19116.15118841 -.00000224  00000-0  00000+0 0  9990
2 41904   0.0179 132.6891 0002314 268.2042 143.4073  1.00271757  8629
TJS-2                   
1 41911U 17001A   19116.85697694 -.00000355  00000-0  00000+0 0  9990
2 41911   0.0319 296.6733 0006644  48.9889 284.9477  1.00272228  8578
SBIRS GEO-3 (USA 273)   
1 41937U 17004A   19116.15769396  .00000111  00000-0  00000+0 0  9992
2 41937   4.6171 312.4808 0002252  94.6187  64.1297  1.00273325  8434
HISPASAT 36W-1          
1 41942U 17006A   19115.89514771 -.00000258  00000-0  00000-0 0  9999
2 41942   0.0097 135.3274 0001000 258.1815 106.3397  1.00271081  8078
TELKOM 3S               
1 41944U 17007A   19116.50018208 -.00000375  00000-0  00000+0 0  9994
2 41944   0.0134 222.0929 0002708 194.6361  95.5335  1.00270070  8055
INTELSAT 32E (IS-32E)   
1 41945U 17007B   19116.08035730 -.00000282  00000-0  00000+0 0  9994
2 41945   0.0128 225.8808 0000200 199.7042 133.9510  1.00273622  8084
ECHOSTAR 23             
1 42070U 17014A   19115.89340297 -.00000286  00000-0  00000-0 0  9992
2 42070   0.0167 229.3903 0001797 168.0574  92.8791  1.00272419  7775
WGS F9 (USA 275)        
1 42075U 17016A   19116.12899337  .00000060  00000-0  00000+0 0  9998
2 42075   0.0179 238.8619 0000664 223.5249 214.7004  1.00270240  7761
SES-10                  
1 42432U 17017A   19116.47340987 -.00000285  00000-0  00000+0 0  9996
2 42432   0.0085 284.9583 0002747 126.5362 266.2069  1.00272771  7593
CHINASAT 16 (SJ-13)     
1 42662U 17018A   19116.22885002 -.00000365  00000-0  00000+0 0  9996
2 42662   0.0685  87.5380 0003449 161.4932 157.7683  1.00275982  7589
KOREASAT 7              
1 42691U 17023A   19116.78692653 -.00000374  00000-0  00000+0 0  9993
2 42691   0.0153 320.0771 0001672  76.8792 216.7335  1.00272843  7289
SGDC                    
1 42692U 17023B   19115.61539022 -.00000263  00000-0  00000+0 0  9992
2 42692   0.0461  74.0965 0002526 335.2590 310.6630  1.00272035  7285
GSAT-9                  
1 42695U 17024A   19116.06531118 -.00000300  00000-0  00000+0 0  9996
2 42695   0.0566 103.5580 0002509 302.8150 288.2837  1.00270625  7268
INMARSAT 5-F4           
1 42698U 17025A   19116.64008006  .00000063  00000-0  00000+0 0  9994
2 42698   0.0141 241.3561 0000371 252.9939   6.9125  1.00269539  7105
SES-15                  
1 42709U 17026A   19116.47749508  .00000047  00000-0  00000+0 0  9990
2 42709   0.0106 251.3558 0000796 183.5293 182.0538  1.00269785  8028
QZS-2  (MICHIBIKI-2)    
1 42738U 17028A   19115.78776032 -.00000234  00000-0  00000+0 0  9998
2 42738  43.6894 280.2438 0738531 271.0424  83.4316  1.00253348  6977
VIASAT-2                
1 42740U 17029A   19116.83104950 -.00000277  00000-0  00000+0 0  9990
2 42740   0.0121 234.5180 0000307 248.8115 320.4849  1.00269257  7037
EUTELSAT 172B           
1 42741U 17029B   19116.57843153 -.00000018  00000-0  00000+0 0  9990
2 42741   0.0289 101.6815 0000430  19.9291 112.9074  1.00271895  7542
GSAT-19                 
1 42747U 17031A   19116.84511286  .00000113  00000-0  00000+0 0  9993
2 42747   0.1096 100.3626 0005739 317.0055 149.2597  1.00272867  6977
ECHOSTAR 21             
1 42749U 17032A   19115.88104986  .00000045  00000-0  00000+0 0  9998
2 42749   6.3144 315.1209 0002217  94.3495 131.5539  1.00273466  6959
CHINASAT 9A (ZX 9A)     
1 42763U 17035A   19116.26293911 -.00000326  00000-0  00000+0 0  9990
2 42763   0.0375 123.4051 0002645 292.0517 354.6501  1.00271759  7494
BULGARIASAT-1           
1 42801U 17038A   19116.76415795 -.00000001  00000-0  00000+0 0  9997
2 42801   0.0199 130.1612 0002644 270.5462  90.7574  1.00270585  6750
HELLAS-SAT 3            
1 42814U 17040A   19116.12541670  .00000139  00000-0  00000+0 0  9997
2 42814   0.0853  52.5689 0005281 334.2715 271.1455  1.00269953  6728
GSAT-17                 
1 42815U 17040B   19116.06452605 -.00000271  00000-0  00000+0 0  9998
2 42815   0.0938 100.3453 0003303 212.8309  17.3375  1.00274102  6708
INTELSAT 35E (IS-35E)   
1 42818U 17041A   19116.82871251 -.00000250  00000-0  00000+0 0  9995
2 42818   0.0268 163.4484 0002215 245.5437  69.3808  1.00271761  6680
COSMOS 2520             
1 42907U 17046A   19116.11507411  .00000123  00000-0  00000+0 0  9993
2 42907   0.0222 156.9429 0001076 302.7405 200.6057  1.00275905  6220
TDRS 13                 
1 42915U 17047A   19116.04285582 -.00000118  00000-0  00000+0 0  9992
2 42915   6.2016 330.5811 0016248  79.9618 167.1485  1.00272793  6212
QZS-3 (MICHIBIKI-3)     
1 42917U 17048A   19116.50192681 -.00000360  00000-0  00000+0 0  9992
2 42917   0.0446 202.5481 0002026 212.0658 107.3308  1.00273121  6213
AMAZONAS 5              
1 42934U 17053A   19116.14007708 -.00000296  00000-0  00000+0 0  9990
2 42934   0.0314 310.8856 0004467  73.7800 178.6109  1.00272148  5966
ASIASAT 9               
1 42942U 17057A   19115.78313682 -.00000373  00000-0  00000-0 0  9990
2 42942   0.0030 317.7166 0002621  79.1173 220.7017  1.00271709  5771
INTELSAT 37E (IS-37E)   
1 42950U 17059A   19116.44563436 -.00000153  00000-0  00000+0 0  9994
2 42950   0.0175 236.1978 0002548 168.2635 312.1167  1.00271874  5883
BSAT-4A                 
1 42951U 17059B   19115.91260691 -.00000364  00000-0  00000+0 0  9997
2 42951   0.0702  63.5104 0005017 349.5393 238.9609  1.00271116  5786
QZS-4 (MICHIBIKI-4)     
1 42965U 17062A   19115.28251819 -.00000348  00000-0  00000-0 0  9991
2 42965  40.7349  17.1525 0748015 270.6174 165.7103  1.00277459  5652
SES-11 (ECHOSTAR 105)   
1 42967U 17063A   19116.67107723 -.00000102  00000-0  00000+0 0  9999
2 42967   0.0106 242.9119 0002425 159.5599 308.5383  1.00271615  5650
KOREASAT 5A             
1 42984U 17067A   19116.49922250 -.00000371  00000-0  00000+0 0  9990
2 42984   0.0157 157.2036 0002006 263.9165  85.9592  1.00273337  5476
ALCOMSAT 1              
1 43039U 17078A   19116.11276748 -.00000199  00000-0  00000+0 0  9995
2 43039   0.0452  73.2023 0002750 333.2839 183.1550  1.00272228  5129
SBIRS GEO-4 (USA 282)   
1 43162U 18009A   19116.50428216 -.00000310  00000-0  00000+0 0  9994
2 43162   5.7349 318.5260 0002303  85.3352 130.8772  1.00272040  4676
AL YAH 3                
1 43174U 18012A   19116.11363984 -.00000168  00000-0  00000+0 0  9999
2 43174   0.0183 274.1284 0001947 133.6796 186.8298  1.00273161  4688
SES-14                  
1 43175U 18012B   19116.18002633 -.00000292  00000-0  00000+0 0  9996
2 43175   0.0169 274.2356 0000897 138.8914 178.0737  1.00271513  4901
GOES 17                 
1 43226U 18022A   19116.66462177  .00000085  00000-0  00000+0 0  9999
2 43226   0.0038  53.7970 0002832 352.2766 270.3528  1.00272024  4275
HISPASAT 30W-6          
1 43228U 18023A   19116.39881397 -.00000229  00000-0  00000+0 0  9992
2 43228   0.0474  58.6877 0006574 347.5112 281.4597  1.00272125  4338
SUPERBIRD 8             
1 43271U 18033A   19115.93440385 -.00000106  00000-0  00000-0 0  9993
2 43271   0.0118 216.3398 0001398 178.6862 317.0009  1.00271871  3897
HYLAS 4                 
1 43272U 18033B   19115.89567111 -.00000246  00000-0  00000-0 0  9991
2 43272   0.0667 115.5334 0002514  18.5758   8.4379  1.00273041  3931
IRNSS-1I                
1 43286U 18035A   19116.55958973  .00000116  00000-0  00000+0 0  9996
2 43286  29.1625 116.5193 0020562 191.1107 163.2324  1.00277361  3912
COSMOS 2526             
1 43432U 18037A   19116.68336572 -.00000357  00000-0  00000+0 0  9998
2 43432   0.0469  95.9343 0002208   3.6457 128.8329  1.00268290  3821
APSTAR 6C               
1 43450U 18041A   19116.89436029 -.00000327  00000-0  00000+0 0  9991
2 43450   0.0419  97.6180 0002801 316.8828 256.0885  1.00290872  3680
BANGABANDHUSAT-1        
1 43463U 18044A   19116.78753716 -.00000375  00000-0  00000+0 0  9994
2 43463   0.0172 260.0300 0002621 147.3119 209.7579  1.00272488  3576
SES-12                  
1 43488U 18049A   19116.63914888 -.00000282  00000-0  00000+0 0  9996
2 43488   0.0346  48.4661 0001754 124.4685   6.4976  1.00272055  3274
FENGYUN 2H              
1 43491U 18050A   19115.77450046 -.00000141  00000-0  00000-0 0  9992
2 43491   1.6307 282.5718 0002264 232.1480  56.4975  1.00274848  3347
BEIDOU IGSO-7           
1 43539U 18057A   19116.89724914 -.00000137  00000-0  00000+0 0  9998
2 43539  55.0345 186.0908 0023419 197.4653 265.1090  1.00293569  3005
TELSTAR 19V             
1 43562U 18059A   19116.83104950 -.00000292  00000-0  00000+0 0  9994
2 43562   0.0117 180.2437 0001232 287.8480 342.6231  1.00271379  3016
TELKOM 4 (MERAH PUTIH)  
1 43587U 18064A   19116.85706418 -.00000356  00000-0  00000+0 0  9997
2 43587   0.0140 248.2411 0001592 178.6993 204.1516  1.00270735  2709
TELSTAR 18V (APSTAR 5C) 
1 43611U 18069A   19116.88739514 -.00000306  00000-0  00000+0 0  9991
2 43611   0.0274  27.3181 0002585 340.4761 304.2538  1.00271774  2452
AZERSPACE 2 (IS-38)     
1 43632U 18074A   19116.62920399  .00000124  00000-0  00000+0 0  9992
2 43632   0.0170 230.2704 0001880 169.2769  86.3976  1.00272125  2352
HORIZONS 3E             
1 43633U 18074B   19116.57652490 -.00000043  00000-0  00000+0 0  9992
2 43633   0.0016  55.5492 0000050 128.0259  47.2450  1.00272341  2194
AEHF-4 (USA 288)        
1 43651U 18079A   19116.60137574 -.00000177  00000-0  00000+0 0  9990
2 43651   4.7011 311.9106 0003999  70.4986 314.1797  1.00269986  2138
BEIDOU-3 G1             
1 43683U 18085A   19116.52479986 -.00000261  00000-0  00000+0 0  9993
2 43683   2.6971 270.4554 0001330 127.5441 149.6058  1.00267740  1909
GSAT-29                 
1 43698U 18089A   19116.50396552  .00000073  00000-0  00000+0 0  9998
2 43698   0.0451  93.5459 0002883 306.1033  50.9903  1.00272635  1669
ES'HAIL 2               
1 43700U 18090A   19116.12279961  .00000131  00000-0  00000+0 0  9991
2 43700   0.0117 222.2539 0001495 200.0764 221.5140  1.00269740  1755
GEO-KOMPSAT-2A          
1 43823U 18100A   19115.99965628 -.00000357  00000-0  00000+0 0  9996
2 43823   0.0462  65.2597 0002296   7.9251 268.6534  1.00272177  1496
GSAT-11                 
1 43824U 18100B   19116.13239557 -.00000090  00000-0  00000+0 0  9993
2 43824   0.0664 270.0919 0006830 161.5898 263.8130  1.00271882  1465
GSAT-7A                 
1 43864U 18105A   19116.13021466  .00000013  00000-0  00000+0 0  9994
2 43864   0.0965  76.4918 0002737 327.2594 279.7687  1.00271669  1327
COSMOS 2533             
1 43867U 18107A   19116.83364959 -.00000051  00000-0  00000+0 0  9996
2 43867   0.0359  92.9398 0000606   6.3599 125.2789  1.00274165  1271
TJS-3                   
1 43874U 18110A   19116.81031694  .00000045  00000-0  00000+0 0  9995
2 43874   0.1768 112.9068 0001805 301.8399 150.4804  1.00271535  1326
TJS-3 AKM               
1 43917U 18110C   19116.66641510  .00000044  00000-0  00000+0 0  9999
2 43917   0.1802 110.9239 0001542 312.5885  89.8365  1.00270359  1205
CHINASAT 2D (ZX 2D)     
1 43920U 19001A   19116.78971807 -.00000349  00000-0  00000+0 0  9990
2 43920   0.0346 136.5591 0001500 255.9504 236.2847  1.00274380  1210
GSAT-31                 
1 44035U 19007B   19116.79525280  .00000113  00000-0  00000+0 0  9993
2 44035   0.0208 104.0708 0002343 255.2327 189.3596  1.00272146   819
NUSANTARA SATU          
1 44048U 19009A   19116.37279154 -.00000248  00000-0  00000+0 0  9999
2 44048   0.0210 124.4580 0002951 300.1926  69.5384  1.00273329   616
WGS 10 (USA 291)        
1 44071U 19014A   19116.25777684 -.00000077  00000-0  00000+0 0  9999
2 44071   0.1494 277.8478 1463125 274.5319 352.0354  1.00287087   478
